400023
828360
640534
943922
675389
673195
803410
726804
337873
154525
227218
592673
901285
392450
860679
337237
457951
333116
619504
818021
520920
973891
111789
192249
971431
210056
157130
485277
137534
314988
101947
702443
524749
838939
521781
994666
699021
505184
524596
344338
517820
705193
658153
680806
913020
389223
178863
502208
939047
772225
861245
186021
931274
671087
215943
334302
473689
827831
645568
452903
407118
863713
425434
200174
920093
211708
205576
419366
236865
166703
637931
184285
684232
738197
828680
499819
269519
996383
509173
832798
689306
304194
111496
623586
230476
348848
954276
813460
246897
506456
677762
123301
971804
891019
276569
355264
716252
279717
884612
805203
895142
771650
857529
838209
771023
351956
622892
362367
879043
718828
914137
891058
186926
431873
530693
381828
736011
766282
265401
954881
204310
148621
546039
710428
471929
106669
407027
692867
694973
700072
834908
630272
609799
356771
638013
513118
715848
309436
624978
207105
944229
550307
684244
631620
913130
916420
208257
394110
804590
643201
368770
412682
635166
615571
283023
856670
873269
206182
689368
298484
308143
974244
165166
868102
303280
567646
981129
756948
477326
668195
541390
362155
213593
183413
393445
150392
707009
463471
229088
521406
959011
587770
599337
380171
582137
910955
217760
317317
624905
318466
319570
306892
766045
869177
476365
356396
139950
225471
587587
941056
573418
963596
343920
837575
840298
898079
341614
609005
700391
520570
870482
751657
112906
977609
650733
186029
917581
392024
687559
164915
981830
717032
786810
561389
885219
563136
679378
908924
394463
853588
619618
544925
240116
597773
585832
981561
838438
522441
167300
396702
758549
505669
556574
125103
687929
999733
817705
104604
408277
869513
665947
335626
442484
482098
492583
886118
917686
949527
343954
841489
845060
954458
150534
857212
339060
435530
824983
714329
305199
296947
247152
966492
550155
406353
904777
668139
617749
509809
815073
829053
528247
899488
471046
955410
867693
146239
946024
879834
839643
436979
809991
472062
608438
562072
863404
533190
850735
549473
231956
586222
642711
768849
874543
949848
150637
845680
731242
845322
101210
699294
272362
160075
954859
265979
493453
722245
359886
332426
455538
382980
718483
271378
816037
689945
239059
946065
858161
604014
831189
914379
501422
385916
843274
213556
743624
791366
261023
964065
812136
185703
431754
113064
884148
758114
169713
503831
554697
583941
634483
556906
909511
630890
923937
128714
747815
479076
193971
535084
842147
733017
712068
280504
330135
472473
732466
871728
563956
732374
648240
302573
545210
574479
778082
195362
145894
277325
166619
248647
160617
490943
632580
226258
820141
743242
820595
610014
669115
117729
835655
436645
631904
304498
500853
124069
362613
210543
751737
853859
332721
401009
485276
786848
720045
628017
758109
229842
939054
523341
978411
263221
407574
298834
899567
131930
260174
705369
900403
742163
702888
947290
159065
710527
999044
648247
864736
673257
359034
600474
693282
619312
515567
338758
973838
883926
664495
626500
855715
188897
943203
385271
751501
904303
999164
192274
344436
562378
279167
973658
366488
284371
160969
842511
853883
311438
861573
417339
392070
444660
393856
455774
966680
935690
392181
854800
413368
731691
576594
278143
960952
914157
200126
154212
343373
345982
673019
659084
820574
197378
789336
260317
976890
143886
277059
347217
246300
445890
738139
370933
244893
203315
150117
972075
752277
886036
904099
523006
473798
633368
325560
208607
195043
221184
841832
327418
149566
997445
111043
444408
904736
134512
966344
253301
365049
346272
599645
213541
263086
806179
808853
377821
878555
690421
619894
239100
286038
543000
500384
669423
370390
466327
305863
741138
122135
847456
649949
939512
491708
127322
851966
157183
559889
140786
434423
366557
788929
947100
324017
330597
471580
225843
314000
508177
762575
348359
464769
325825
834634
581281
473720
179210
134387
568567
110877
607285
642461
677417
347972
596869
229242
208480
555457
456045
857242
930492
929226
446847
597713
559540
602650
669220
474895
327584
791695
803759
208793
645586
970770
399823
444469
858977
830162
197281
324920
759399
368355
449177
245725
358464
786562
668395
842831
563960
292618
721806
436062
368226
167225
362252
130598
888251
918990
560344
509205
140574
524420
609675
975003
629136
187985
478910
778590
181410
703970
151208
611995
662041
699572
535171
292569
263694
311254
509883
718628
493651
171133
234718
891824
837583
544325
380200
768497
876245
337005
572456
127977
408647
512200
686272
731963
274463
869235
968896
833887
290139
938731
795676
380081
567273
879612
316438
458893
466536
522418
624976
997253
956029
241642
213996
698483
514994
477978
587971
796639
327081
578692
616358
246868
912344
523404
292525
616524
598192
809479
887428
889034
136933
731144
730633
584945
198964
786608
805337
434839
732906
328867
284055
148694
788141
312779
955242
962022
165037
511942
151117
375069
731896
221846
562043
161088
883760
297492
799559
702023
984547
896096
689899
232690
357268
520162
879766
554717
199962
487468
384511
738413
784389
830942
753346
625293
579817
649662
649482
506358
129585
536890
941079
530930
731859
970966
918384
252279
343492
414342
434065
905256
885300
489059
162459
753718
417791
880545
499240
345112
263817
371471
831276
346231
533169
528093
204440
367715
439995
974693
290923
497193
303143
642209
584811
994522
302986
506484
740032
391105
807174
498582
436609
645154
293760
154532
222463
331124
575287
140447
566127
659139
118756
386464
472067
632994
455765
238103
950398
469257
297115
856335
231091
372154
118987
136740
125839
429996
157293
489198
535167
968701
838322
394458
995569
757313
604073
108835
220761
539711
304956
986942
581547
390827
681633
166758
435305
538628
970201
905167
984745
745044
144833
464271
296663
300586
411830
224535
730741
791543
985949
522531
870362
539159
874838
429684
610983
187852
918760
167149
629349
722094
680412
369956
909800
985972
716921
668735
747815
117177
813324
796889
269170
948308
649444
486337
316829
232862
227018
135555
658556
310451
284803
721473
337061
387110
659018
477426
179893
465483
846117
388997
951690
154430
267695
260195
293005
330993
714508
183121
633078
754907
922440
175857
745788
425965
744239
450385
686513
331304
878469
285950
227414
672431
263620
244052
969646
793664
825678
245682
629171
550515
989011
391687
579658
740999
762841
645039
806816
923495
814612
770594
769053
738649
928157
641386
743263
503975
245952
620634
260697
319032
440071
767409
687095
502654
496972
149612
668140
390361
641233
207608
860680
549949
863941
832811
427174
611090
348823
887375
572444
680896
760118
482822
629139
553995
975567
723832
274556
778218
701237
824077
738472
591169
200355
922613
241921
487820
218725
594133
347324
905883
884037
363048
322701
382000
783460
143508
378338
397013
291010
876530
225608
447761
119369
259217
503678
120895
462835
648710
226689
865079
860279
808371
655338
198678
250399
475380
865652
332606
181329
920576
125757
777477
440201
908006
216992
375524
484397
799030
185926
878898
308995
549919
953016
823703
184864
687610
526739
118724
177622
351475
567125
692563
298235
238700
188348
356394
380542
521292
610296
479963
998975
426543
492649
107915
906633
349307
136297
172287
152987
248580
476566
727939
649184
481377
676108
270606
515305
372693
549022
446322
521387
267669
689336
548864
488298
296186
935794
385425
121644
101400
100871
774263
425370
352531
451667
319564
887992
240951
425674
780816
866703
911175
773083
534457
160056
799644
609280
268418
479771
860082
668429
787801
907470
668677
765515
206985
385564
522841
123914
125632
513741
574571
517880
582924
278184
638727
971599
685636
822391
238167
897312
211866
240122
859546
592742
725319
389697
167098
814416
559909
416821
672878
690647
414504
536757
914611
870898
535655
485140
567382
816971
832289
341739
489466
864751
889924
269515
143100
731384
684884
338634
480503
460103
608469
440295
190493
997241
777117
560052
721548
229625
343265
599848
288046
223438
104122
465274
350081
546212
191495
659391
806865
858094
495720
470062
417950
369231
210495
716698
581600
338460
693459
258658
611513
424475
304428
450778
270036
940350
731224
684416
836626
659386
167707
777621
449759
745613
954220
798436
869868
124100
739592
187411
127399
667749
194853
909535
106941
837833
589575
878162
511809
980553
571688
699324
695445
334505
772968
686094
327000
809158
524269
668529
606915
879896
966760
137904
675808
473454
431939
985315
578756
724906
608819
953448
340849
390631
624100
405114
664323
471296
558048
535962
237243
284411
935717
163487
667265
382679
221666
843079
792390
634245
822779
739889
602797
166927
889925
721054
366031
461229
123001
360640
890186
106151
225637
332276
418309
789544
967742
529118
231378
296953
711590
869814
292316
215339
581551
497572
131607
641003
606256
725193
944657
353596
905758
737562
793220
429001
633359
777790
421233
147688
442192
736082
547156
602666
853208
547282
101466
506952
521364
146971
339093
764571
489394
854702
770221
967898
923175
804012
262384
157574
689568
400040
210612
801093
745937
533002
785878
220130
912706
483142
104168
533577
985606
607756
218666
224532
144325
305681
721335
598493
858123
366516
392211
788473
962780
458811
917897
432319
774380
149354
134574
601964
942987
748307
145643
273619
852461
763852
682631
341582
998795
599642
567215
849233
932292
215953
431000
428113
928355
386068
675631
298182
442175
246858
511681
371784
709541
632602
280522
214531
811430
734099
811644
321927
537862
749299
863636
624455
579755
457555
637727
660555
368104
177104
586353
592528
841571
221328
710844
294330
613849
582955
801874
998532
268185
942961
978158
101105
841654
224283
311325
151775
825473
176283
549299
991129
705207
756557
709832
817360
133005
570556
634793
468427
329425
294637
550854
628785
451286
643120
771740
235352
928461
620879
458717
917955
663819
745170
593151
762676
147225
271539
649939
279914
446228
158517
843262
330281
276526
886473
119926
709148
798755
152022
665897
533631
806257
933244
789074
192315
377624
424037
290376
887653
356578
785927
108084
460886
921363
839080
681679
614754
898949
397292
332412
568547
886044
837992
777616
228366
827853
919676
965052
955029
376736
406471
704070
991528
466716
370346
648092
911614
737401
436298
557579
775963
323758
843830
104504
863137
996124
548129
377774
207869
865447
741588
307176
769865
169070
339477
966849
992228
964910
439206
950262
771564
931285
441217
725848
169695
420093
625492
396040
789891
209380
893463
780980
833221
516352
576675
235042
206482
748652
359094
389563
227837
166410
112866
980319
357056
262670
861748
530184
268044
834480
623792
142623
237551
105495
668032
956418
500698
705709
326040
787094
813956
594290
511760
181652
349164
665126
828288
713988
301993
908444
230680
408206
566854
246411
848420
278993
495798
354891
514112
739617
237581
245403
224630
423837
221622
518056
643587
496226
398505
177205
208568
119853
127011
450201
966877
680513
825576
522429
866408
511910
456536
621297
996306
787179
448950
496930
562612
885135
228140
136751
688773
949737
850566
830095
455594
892204
803107
533356
574668
583631
133560
190474
205991
175901
216581
361384
625035
153666
322286
198464
222399
460628
167784
953438
542304
844089
524161
909134
504271
703069
716702
418635
673819
724785
721101
443054
943799
228053
221865
289571
452700
711089
986091
979139
144726
920395
667391
991956
398387
768696
917851
685813
633338
581450
124218
908570
448752
199440
789156
860509
840075
730218
404318
506974
855935
323679
667836
938704
122081
282697
754942
776630
644483
372381
468351
421919
750538
620885
258707
646040
611557
285518
622339
817247
360525
828103
333224
636970
950833
548678
327045
465966
425795
511787
495341
512967
619679
831984
710806
853130
277161
918218
424445
822257
277630
462973
526960
131226
690393
563560
665925
310954
599102
939118
130007
416317
129847
510097
309373
615006
429304
643187
711395
477993
227515
200966
475284
401996
747351
225914
325039
345745
590695
164187
326151
315193
134687
707693
345089
483279
393085
966366
494313
366917
383488
714466
469662
225734
825814
125395
298854
627349
474621
722145
135564
459905
894177
383563
237516
357367
671659
788121
483942
470156
736998
714131
145956
892233
754019
189602
239010
531309
961684
917463
566256
723128
600148
894919
711325
507366
540267
904990
773335
260565
513625
926376
743108
708268
436738
903451
560801
635964
847790
407966
182328
383442
780801
256370
847694
731025
390622
610775
115865
202932
444432
559900
857761
857787
489698
930577
779058
122761
795107
885484
739512
299011
868562
258645
760721
792567
368118
526535
178971
269010
809329
120418
610252
835503
800408
973245
300998
899508
633759
278089
583849
275012
752871
380144
324041
921466
600909
981990
406712
236853
219985
502269
720403
947464
124090
344795
322265
824301
246251
822970
828785
764476
781508
169137
208029
671750
200846
549272
262251
790570
935297
904826
617981
660241
132026
622248
902553
851312
211255
276041
791968
369199
103713
551410
172390
823675
279141
884650
145379
743767
366538
969884
193195
157507
755250
642562
166599
894335
272497
564789
418303
981164
539411
884485
611043
822021
193871
600808
329954
601283
837030
703419
680580
811398
960509
311531
681599
998016
867851
853088
354789
111119
801736
213096
767355
842605
334461
516299
281278
272490
775167
686686
780721
548393
525398
773111
962343
602456
815202
357919
286851
299681
467490
750759
379945
256628
665139
135408
821317
142974
473973
380037
869628
190053
651183
774653
491285
865158
362339
122657
181224
706432
914349
741781
168433
480859
411365
429038
450418
635114
432382
220810
599665
899441
156167
653915
734701
908877
222309
555464
228643
899845
871244
646417
498752
585803
629153
214067
797330
290546
958349
508029
898880
141303
268333
114405
830492
796263
263459
171640
707272
657245
582525
636387
466277
257054
562099
154147
413133
191193
981911
502115
357418
121338
805996
308841
458432
628745
547174
528980
899541
234729
622333
285570
234230
760554
440924
353689
768506
431159
426181
997448
318016
145968
469004
498649
786676
408801
973184
438077
307204
630007
974551
291444
219234
154313
164768
286429
454115
179835
503070
613130
879637
500444
808400
936243
629160
163272
706407
325902
126581
326592
422955
849773
224999
241283
771705
212790
284592
418033
848472
956082
688124
907106
322808
773470
186828
238591
569371
477368
304596
568582
212901
136457
595344
788289
367406
153183
482188
740873
470934
518629
999196
469181
633359
214904
978231
510772
126189
135437
660345
526257
384798
678064
597357
910904
200526
888405
230342
591455
239592
506318
418579
657440
170915
640446
358994
281369
787361
658148
232758
576050
388853
452493
485311
800989
792628
468408
923913
692390
346607
313820
137576
116051
728302
404779
747899
362116
417661
333021
323898
596063
283494
845938
749272
985659
188752
336802
454185
772940
627492
452349
893873
381292
778876
225374
345133
796656
775052
671621
378141
988131
406736
481240
341673
995351
618034
670365
994997
352111
512124
997474
713901
110816
264293
905265
119342
515120
142682
671380
359031
230669
352229
822571
227566
694691
633502
276495
866709
288451
492101
498830
736634
158876
530971
510143
634357
823292
259337
340220
895147
474808
824272
912816
982360
421910
186137
555886
887979
942461
553536
882959
845350
738979
615260
525508
439673
893057
759993
731483
595308
336789
279732
559810
527838
321926
277213
108901
883561
263981
131634
726161
603861
806059
403057
570835
113307
572972
548699
221327
278834
808533
645923
510230
628504
449098
658596
691990
851141
701774
221095
510896
148153
671735
123903
239106
889697
295673
993292
859907
814526
760405
110606
384778
388840
831339
582479
367472
310674
694711
785825
352877
580176
634338
803881
817483
748059
592551
880138
768792
874355
123297
973728
239554
945297
151222
483324
368631
766546
608782
550747
478048
695839
300695
459147
685022
184264
127947
605983
227487
366170
737363
815237
162441
658558
349614
126613
427005
173150
800762
810445
725017
108560
144418
555285
661508
984525
933036
881049
640978
587703
865545
608655
280876
567816
225251
499286
894309
415137
105270
236803
614981
351577
935237
671167
633857
889038
723424
893497
802959
887168
983896
713967
885208
937241
134178
596436
644075
794226
618367
151419
403698
726735
587264
385193
696109
517162
621218
984822
352131
144790
897739
237302
241303
460493
169093
754856
714823
112529
545301
637079
313597
221834
624840
628387
575436
906485
462595
956945
196708
874132
681164
408831
373692
275952
656801
524365
765629
469725
815512
719133
963050
362572
196470
265128
518772
957190
149501
935154
446339
163787
931726
788971
955409
459386
637823
813742
860577
891503
866369
305428
173594
610022
619883
362067
221452
460307
624869
884546
517936
450382
612109
817011
687223
639058
387927
795455
683256
340176
764558
224420
757507
715615
393591
226596
674251
843442
192041
517031
699322
657878
763498
297994
665560
412103
712505
989420
483996
272242
911191
534086
620334
633279
793002
435863
388566
948082
199719
489047
929723
928153
198965
153493
742934
984067
744972
556866
800698
483643
953783
847907
795854
569796
920691
823435
871435
320514
739692
305056
722078
102444
601428
284501
173987
486243
705633
910510
191365
722949
339248
351983
754265
230307
774881
698133
916704
625438
615415
870143
239488
255334
167928
408481
611959
598820
218597
204422
464179
891081
471789
805624
640354
318397
147619
104406
892617
180306
560866
590580
216594
384289
428676
445090
785957
299899
658758
482906
838771
593901
615836
245336
955298
747215
962628
344066
452381
477262
323802
305266
545252
754680
216469
188254
833704
932872
481603
112540
186279
472727
808671
670366
409913
274372
677509
616673
259378
760394
153485
353648
595777
487058
509927
678699
348005
445606
860229
329007
290416
551865
723456
326016
823298
315800
868663
750653
438465
667130
425923
430223
186914
171728
531929
345571
752979
262274
139989
445630
612897
368248
377429
633361
389404
402244
622657
272092
758784
529486
197348
519699
366855
371951
658264
555975
977120
472695
623311
524129
267457
344525
620937
960488
790605
529157
868616
962864
450983
261028
847623
411093
685223
796303
246382
599093
771728
896408
275721
628659
782678
354372
347248
937257
329887
103646
129688
872295
272259
391034
196022
461521
805737
982759
622632
847102
960172
509085
288711
895114
891874
441507
215166
901684
943409
169814
780282
885941
108057
697630
723225
844150
984380
906615
144373
328323
919686
524347
193744
907284
177021
319477
101607
510153
246897
629905
588848
860343
714578
870898
980674
520690
389819
152465
851051
384243
401562
603334
269883
116986
678276
567617
181364
764518
783652
338454
840071
168039
523498
390075
486277
524274
623696
810661
210431
385613
581984
683457
480445
750257
831132
353082
637590
844698
836117
196468
779082
654094
160519
708643
675530
485256
354990
467530
850099
545775
417657
184724
442726
902929
181787
657255
572134
684574
401562
795390
226940
791742
386887
498344
163810
231428
940665
593690
396458
241823
196807
574591
763600
323669
461908
111456
494970
498275
962075
888632
119586
539967
388921
295306
840863
306172
229083
163984
806115
473928
549776
974520
182742
605542
267176
746563
411412
306092
104423
968625
963033
939971
307735
462787
946103
908915
193124
747560
640471
293306
859750
277856
655385
635113
690313
939204
787250
382694
275619
807748
767499
896975
812719
732330
262462
765588
593068
812809
404608
812243
968435
142104
182026
117261
938652
470753
905542
449782
263203
178475
941293
804788
915366
529386
196967
214084
364695
271088
306089
684989
171176
965591
749446
537832
601803
199955
613986
192231
709871
426298
999927
446371
989597
746028
929892
331866
396114
255354
792813
924976
145509
197086
200143
481395
908339
195585
309995
885797
600969
792228
889847
386371
703703
816727
892562
512998
530102
379269
240215
748270
841760
468696
481375
582469
151284
639307
668205
699877
171928
503656
350713
941084
878419
985166
883947
491122
511797
759600
424756
629034
138137
764773
691497
812893
764973
748526
806135
705155
793913
608421
773124
727555
839287
692671
730734
704902
292103
893542
870728
262940
137330
719774
867332
765322
637392
398184
308116
748096
889217
517531
164056
276323
394692
784613
153721
384357
816260
412986
766874
989831
920074
532911
479930
422667
873906
835183
462118
612109
493506
144840
711215
683270
217468
372713
566809
492473
156463
192344
110778
766944
142662
359708
389442
759716
927167
275477
628088
961833
945496
555750
903078
401390
754765
910818
416806
629123
905036
222412
213145
390883
815139
258103
775263
166355
597941
328272
864626
773580
705945
713259
535629
178821
620276
845833
941441
388398
298938
273431
342560
123554
843317
673668
297025
429178
979682
569680
313350
324495
613341
443513
325168
849110
589665
632305
182249
474344
410277
834678
639145
486559
668550
805605
599602
303290
700404
534755
264078
469369
880279
340404
589653
549637
403388
176134
997040
342807
996855
941750
859951
263508
460763
845930
551000
149530
978046
588711
370937
357794
483310
763385
337677
497470
516581
602289
213256
984814
318945
167873
447094
631368
399459
783202
963645
396407
943814
344151
486458
140937
127515
457809
541858
950301
763135
383857
805812
876159
352712
225745
952177
475390
273699
878345
452744
619546
263113
681987
177209
158720
215728
990787
700443
144860
116008
478253
970815
523015
136365
352488
228201
955229
831947
750940
952159
837834
728626
607155
652356
955711
587434
409045
781103
190820
406045
990189
108198
695737
903124
649886
708423
154962
864770
325972
808863
686515
801705
826272
955724
911139
845264
430467
125280
581046
974961
779241
801355
956635
161634
536177
341853
339284
989131
741645
196210
896973
292740
581049
955415
225140
815147
437654
460974
584195
924583
881516
103821
355179
780268
233025
586970
565730
379032
836194
669762
555498
593299
742668
573919
181772
768954
626023
920650
658247
142038
880732
508019
494079
825052
374357
492590
952317
250386
474993
801536
878999
305874
296776
332065
538157
203004
859779
718841
885208
306416
258465
420281
797791
389554
481960
821479
792066
566808
969562
497859
448017
454345
604258
987967
550782
457898
639647
630397
569980
299650
260938
881597
920470
136452
125651
781072
154905
295262
790435
889745
721910
626615
137432
430319
170666
378390
919658
681242
308320
260016
156494
715347
986670
946900
785965
573554
485750
121228
459053
585878
319070
424629
604733
540660
510578
635025
975826
567163
915375
229363
525650
441102
191300
474287
248820
765684
414170
328445
703555
965517
200063
251359
737430
405079
140569
142800
397313
497608
869868
670564
842318
944002
399532
418851
941457
873290
669006
353407
940212
107194
809789
895444
725648
952326
945533
578292
844510
553933
730142
714340
866253
429853
317648
550117
719756
198438
711331
385869
359937
836609
243391
361422
160332
426090
446844
880696
598683
853031
865537
994561
720950
903104
997222
247996
553848
395887
421641
610050
658639
329982
313079
912912
952421
891959
319495
757286
946885
783855
911434
406409
232242
530829
451013
577428
437871
675087
677048
811647
974550
484117
843719
806909
802965
115272
179537
524666
512921
424415
520930
921685
250831
229404
205902
275827
326305
166320
341270
755016
659630
776597
924221
182890
683519
561320
454436
858479
529619
351985
373215
662467
241138
914805
928509
375226
241081
467847
212196
599129
421155
137660
933785
296108
849240
144557
892120
759944
286349
700323
548362
309900
514121
979954
750591
306888
643618
405879
966570
627663
226818
948596
933496
484849
698957
926319
351169
844078
182713
121585
364922
203572
177346
806255
946583
519616
967630
758388
651996
610674
295591
457587
202158
531078
279273
875575
167182
474293
865824
476971
817362
975023
142357
925247
919376
768228
117024
958581
756765
641868
501172
285954
529580
385542
174750
326437
461674
259411
640006
971714
743459
866324
677953
295363
575243
673300
458257
493209
794234
793858
443201
398537
692743
505357
548373
876624
171567
558977
934352
644129
797450
704065
539992
740294
673530
624403
146891
691600
249319
738478
348758
601402
902822
204333
336579
245029
722935
558235
603963
975295
207872
583392
995676
155179
663038
610239
834680
588684
742515
550121
668380
283809
344046
589895
124099
735583
423804
915739
847033
135529
507321
858372
493518
903752
202454
331278
805486
814623
413489
533105
651376
458655
364406
802685
431407
483337
156403
880778
409728
835617
304651
102474
724112
850196
829273
591847
878169
830850
758797
692816
399514
200348
680565
281942
664685
927761
932120
949553
107169
893977
591480
519723
554494
680553
444121
755220
993157
100151
907625
506178
379501
112834
691330
748826
890228
220829
699590
904975
511065
480333
141768
462124
507181
152293
646364
658909
238044
731634
852040
675272
294650
249145
977102
847326
512830
779380
313598
413581
278620
203196
514259
546927
500345
203575
561772
702534
770163
563688
753832
310018
594382
325326
973459
926392
892043
997074
369340
530987
470437
256349
998460
562989
305670
599548
153605
849652
331519
649807
528678
196849
780513
730921
827653
968865
733057
653774
915695
390589
595427
848966
702883
146262
164119
668870
920185
999499
894637
970885
637162
498301
561670
908753
206373
563081
177442
718720
237480
150970
886704
212698
661370
185916
685668
984781
655083
656055
348766
900453
825032
682248
199233
896888
103434
320602
798418
486800
590400
263344
475431
866566
913893
497284
127695
222844
121298
979227
307538
537733
966043
232556
557371
350901
991480
320847
957336
567862
637845
711229
373063
288056
747166
741847
218084
123462
748735
816763
116485
538908
550844
619103
626777
614990
304669
697953
259267
601517
779024
965498
687263
974555
519886
593966
305703
406634
920973
591079
400212
780068
832309
601096
294929
951227
861380
622159
223279
271914
364007
204890
615169
745916
651597
326629
784229
608406
241607
431358
583773
914884
692989
528593
207581
840485
172727
274879
322400
782434
926501
953951
184768
260979
695483
669037
322627
115362
203985
468324
935046
754775
513215
887878
183743
820732
203638
693876
472450
398591
654983
136101
685273
493716
458172
276908
817122
623224
929786
249923
700986
355971
688308
699887
546661
786914
162023
531615
120019
224535
888937
674551
911427
578469
932888
195844
974946
258401
794031
519642
959540
107876
419252
738155
396553
652930
727788
159599
827438
188606
143001
697410
155424
790502
578891
494026
256066
824041
883392
781151
928102
254296
791258
793261
848427
383354
243942
815086
404980
100715
465585
244977
488315
549749
255298
861980
733324
554781
777335
144874
132083
608182
440215
872644
857049
309231
694101
811163
664948
895632
993674
362522
458033
767882
635593
893765
336654
619359
985200
603933
172526
602498
838025
150443
753200
120817
917830
671634
983826
387620
231906
576496
660051
435274
737639
210222
342524
788511
359553
841300
785374
295186
606939
567269
865217
861785
331588
873869
550420
513691
301598
945237
451928
627812
987223
926816
571293
906523
570576
937594
196912
811106
291802
374502
535356
666074
776208
195790
955244
750238
636773
756378
671447
583492
253546
944246
995320
647750
678923
396776
212282
176687
110098
219311
575677
751731
836849
950718
379737
336234
900103
799833
910993
279226
837414
597615
975585
963203
291522
217292
104648
490903
837531
712459
918198
417006
477054
893624
686816
521151
957788
496482
300179
621991
747048
116960
970915
504855
343821
283580
681907
658459
263554
159494
216734
177610
745272
894548
936739
120641
339172
799773
216651
165301
708068
346245
660033
733924
242457
625935
689997
611505
457617
967638
547695
387154
883273
434110
205997
758011
376811
898723
700263
989248
824324
720195
323436
964111
411629
827050
965307
752518
274082
966645
110148
514854
362084
603749
377702
546080
914792
494611
961254
822681
298609
823296
555120
719123
520017
774786
508574
178827
673921
143536
943283
119359
456943
832492
598661
884141
110041
967122
743663
536857
129537
752463
404450
269388
313969
303887
649728
920339
357123
457658
970826
337306
763589
429953
492920
437886
523606
108660
577664
608863
857735
226207
720079
946668
939269
110740
448257
406509
886749
533286
775123
837316
770442
325825
446789
594094
703944
291171
437104
415911
121089
360342
387979
616139
118164
229786
481278
693422
167448
805745
463065
912491
436426
321648
734594
703608
137728
669253
345266
406594
358465
914875
730189
933539
732645
790959
670698
986328
172400
407835
566915
416832
513039
307910
552267
126181
734055
675065
754023
721197
570236
491883
424731
589298
540513
266105
954753
228614
740378
747299
575702
768910
737335
488727
776590
917334
535076
239353
485032
602758
266104
313462
356035
227865
315302
113382
831915
229897
894002
508875
651140
551883
630929
509363
102453
870178
383508
524634
164164
374637
352215
712732
251598
897711
468609
488735
851797
300589
674352
128363
592907
132176
807301
163330
554830
589412
868387
817331
846856
623503
733032
971419
212156
897557
860446
309577
220131
647631
110567
135533
941126
701249
874695
367946
899775
588020
513451
405113
558425
107125
730025
480471
905001
425918
296947
145379
972999
868008
691815
318836
531185
524824
418554
722422
480199
317074
840073
482394
769305
919785
360873
915714
702453
411367
806248
816453
265428
296030
210636
168238
513636
679383
189245
782291
580028
596841
825022
752395
362971
695072
811737
558767
762241
864163
542605
875228
436048
544499
839199
818706
503255
700590
309099
127088
593000
154572
126429
305383
621252
421490
289479
989463
227737
272345
179272
530269
726040
620752
203287
985067
145704
423878
553581
901964
934056
811788
753651
669170
915917
193376
387953
331825
674043
723644
579510
132437
774305
975366
434168
888080
217902
684362
968497
415496
763815
505075
305331
679043
123904
669557
971026
456548
624898
212786
450503
676381
403035
392576
319589
726511
921683
378629
930027
347720
813080
688546
951808
587241
859825
257873
188667
684271
825777
514906
617309
673830
943968
322673
683865
773137
852957
428223
142377
933718
921655
938592
102124
299785
592001
219576
600520
530069
757686
814458
470458
770378
413461
959697
636527
472592
156678
240347
564546
933381
599604
623439
334533
653055
143235
771673
544913
108132
930415
116802
185277
146615
835693
289954
788398
491884
232038
506758
714494
276282
947142
597383
528203
994958
791129
706348
619178
697432
536229
511891
190320
947202
565060
677896
920034
925834
630709
680577
768731
921808
773584
321206
741629
760417
407907
795493
324124
103953
812732
499621
497832
351073
863264
568393
430021
856986
486503
525180
437616
164870
547515
672517
313075
185556
348670
436321
852668
349321
675064
247537
824335
271029
507085
189752
812194
742495
794191
446523
760507
563841
822100
732624
292507
219398
839819
584246
646610
371452
985997
993007
947563
865136
789816
566232
601275
155156
545092
864623
667714
176939
738232
533636
152160
445985
795737
145718
124469
204426
886505
780642
526910
157485
279786
312506
769106
969528
321029
850017
601621
608728
880410
772815
530486
557711
606458
395887
150549
597313
418023
344284
900392
558860
412072
429668
380184
936808
717817
210852
418077
135866
898759
959170
370268
801548
963170
211651
509878
930399
226908
920231
168735
108891
683647
772794
388122
593200
939099
730066
936742
372913
602859
760729
555261
998649
729038
608378
483032
307425
869950
525401
276018
843080
749723
831192
907768
187932
794114
624922
154971
119247
451998
915289
390919
671758
537443
545569
888270
221150
769560
429947
874610
973058
123637
441946
918197
802542
807374
641120
371573
909554
837690
973650
348728
531778
141246
572678
396540
595073
353586
343388
218276
196540
924619
991727
703249
589208
925908
249045
820356
585350
846983
101535
232146
405752
643432
692880
275306
261045
847633
695572
873428
877653
354167
401089
722009
479453
718671
141799
738705
383493
537271
734127
323494
152236
395876
941761
460309
429722
920341
171693
949341
939936
531448
166000
195526
334925
629668
468247
472425
414328
604925
261459
111774
731079
574404
713881
785395
177904
457232
151611
587421
865570
933037
701525
529821
902262
778741
712960
779677
389644
367598
179914
314115
391744
139908
631296
473286
235973
106886
408113
167961
803425
497793
397639
777504
731008
773773
986257
832551
376086
604447
505044
161223
843889
166778
780615
960320
753820
279825
924268
797181
641888
790485
589523
202150
230810
265425
315868
145181
663822
373537
333262
592399
509685
474398
883563
998899
258899
563515
171641
348883
423839
391822
370955
802822
332861
815126
195435
425590
632988
117047
658990
235259
723717
629898
779762
866878
772023
444593
177034
601659
145708
936621
368752
420832
152618
407103
604618
720181
412816
977689
518579
709086
220205
356128
101887
228818
466074
633090
991652
735335
954372
919411
445680
908327
967012
324122
633613
863426
449129
330731
810908
906313
346102
816288
790005
398652
986310
173934
118193
464225
662150
199022
901630
897080
384900
212039
280313
572585
145777
769040
203657
102166
896584
310505
367029
264197
959692
254985
692436
205465
927671
680237
100886
416438
118309
136134
661972
924512
430498
839600
735639
853362
453234
530698
319638
301027
537011
598696
154664
425570
266681
429667
588150
272065
746874
812366
854590
646147
540195
318653
775976
805474
755963
956635
742337
727748
353759
699149
146580
265275
752700
557774
763532
565285
633569
587555
920790
957371
251975
328175
616080
746199
166097
587490
966443
643804
669340
987364
338066
525487
705499
956876
633815
412257
362785
741592
160415
979512
786594
457237
912125
537639
735359
489656
636344
408635
972138
447515
439839
463549
749422
516410
645412
845627
726493
440627
757422
251898
887067
575364
187138
484471
578226
803550
484014
362874
996982
653076
689082
835488
682343
176871
195928
504637
170708
233109
739587
928159
680950
247511
128679
260023
827472
925775
888427
208036
202347
470490
257640
972149
209472
171480
142271
350635
634186
557219
313574
777661
982340
149861
679335
639214
138224
782993
234247
278923
643607
732590
967999
410898
133773
642323
566817
277511
217204
360309
260236
265513
198148
305857
921182
673774
860242
799295
325143
589333
999491
565589
454698
305813
632680
780175
723927
466780
200883
469748
825818
886949
483052
327913
444834
892760
664021
833153
926687
158579
960299
539996
663209
879178
397237
751645
188443
197798
354618
614540
917348
725780
275591
883076
747501
283877
313322
904300
110738
208923
251908
213278
820670
269750
574863
862510
257549
567946
709171
594121
868320
809440
799936
348346
817647
609470
695847
891294
637757
128263
834731
544614
239468
651137
157705
946871
950474
845195
951527
822858
574557
592344
221392
544388
794218
737428
884032
428151
232842
502266
218160
737013
596276
520754
767629
648266
129696
236538
457648
123530
768650
120150
578059
845855
746364
414762
575181
876249
295835
772422
130035
452020
639826
815127
428073
857419
150518
858582
688210
966979
116797
386126
436463
254197
927821
891479
760314
345708
433367
477114
814030
921869
242468
641604
122260
410998
631467
665585
132096
683096
737724
374487
195332
737716
432887
153093
727559
322096
203048
436768
546198
528865
322118
413314
879905
506279
564502
465089
268189
540771
738492
605518
676490
836704
625151
868155
148974
903731
770025
759237
989850
969887
320575
939608
209919
971686
208505
605811
200417
831877
858586
301630
325710
721356
631311
928172
506101
995101
303441
543800
327542
238418
949909
108254
990302
434040
643445
318545
710041
190465
725057
860616
606986
181619
902429
369120
514724
735267
884204
988272
581445
719502
159567
992111
622376
463782
893962
575305
472359
213735
875588
946747
104463
683260
902272
786703
829547
444333
330058
392653
321081
525967
270444
385132
614608
304491
345530
253852
809854
455184
177445
581807
713943
512696
531502
446004
306630
954568
521191
563338
565664
390586
846647
703545
799542
432792
399605
569240
475172
244861
507410
446614
287378
132267
216658
365876
392950
883460
299775
529363
853964
591627
122140
314403
878723
601175
342858
370322
475568
554595
421540
844427
942295
675651
418280
558156
290049
474515
435225
978525
277654
294293
946308
174577
419000
737118
924253
494599
991381
859052
558074
633849
982656
799039
358522
204469
729394
879005
740625
255867
308404
858380
875478
188430
712737
929081
278317
462419
856431
395045
776023
919293
738851
963734
820739
917673
349823
985067
825423
359692
119736
368376
833442
110126
116932
898979
127863
112189
540067
782693
294936
184929
576494
949815
392843
332999
857974
153777
729313
381444
198263
522672
385302
953716
456690
387246
969436
937169
213932
882186
857169
768321
876660
532765
233660
784650
493889
132582
371558
994856
632881
660868
147404
529374
589450
644281
604597
348382
986974
142684
333827
120351
421281
861107
687015
886981
520485
697989
714668
876748
938841
668638
490280
769809
884490
237591
790272
907521
935888
345250
811476
374848
115257
475795
525959
159479
277492
217555
137315
362663
578500
806192
421319
222971
826010
963542
853952
423717
103968
262538
583396
248410
375820
380188
769918
843060
901548
308914
240225
719558
431625
985748
138473
414376
587524
505227
683723
244284
895155
705274
245666
886385
133713
771835
955988
893067
961262
697783
140121
401860
152968
208516
779687
358811
683636
116738
864856
809955
674996
519323
946704
604015
873068
795106
784572
211808
554372
374343
402119
154636
401517
438189
787838
555989
765595
358789
514007
701759
312418
487730
545230
754073
102131
286585
598735
655166
207619
598205
127032
636820
651812
803814
542375
929281
931746
252401
679247
763934
264727
754311
243449
712624
176653
206954
731873
393661
364197
118756
200106
847259
996863
959091
785578
646482
316673
537390
508316
229513
151048
876290
434472
821314
981106
799564
790994
420010
119524
531337
312011
367115
427354
438908
744369
936896
137899
358742
745800
905994
967368
981291
788531
340739
121968
870253
598532
157933
287513
775803
845416
705716
969879
154123
994286
857236
871375
874621
296417
825274
495097
884440
907381
437321
996313
793746
939368
866015
498809
198422
238753
464577
881603
591880
495135
941035
923813
570764
269007
723615
665071
122616
941881
802614
890058
617292
964227
680615
351626
700005
829937
850301
864967
608086
238885
848940
971357
508244
926121
116244
415533
404208
585332
116715
531485
698642
916608
298740
545917
935578
445465
743133
986514
818412
432322
775961
120874
458721
384094
382127
767925
899369
841752
329508
878559
905941
278041
791544
942413
730339
473796
182788
363290
714539
109542
267776
810003
125862
560217
830685
318365
398735
689700
786080
549035
394334
418711
176136
222288
259365
774825
900881
399889
870777
299452
369730
590595
272511
545588
168843
717022
753062
310677
325684
363536
693909
967899
312032
155438
644130
819063
525815
279031
234781
937561
463745
101717
314623
209204
341756
644559
138221
207520
758082
959462
688709
524020
820218
805600
167556
611336
648157
798582
704560
460020
467220
308139
193716
634203
562324
155418
414174
160786
165450
562070
703333
782656
340494
911351
146855
850049
772718
211131
671211
220323
530021
876576
987760
980179
773613
115989
230757
656464
449237
641234
896496
145494
373671
447226
913517
176388
764107
445623
791387
151541
459226
207849
761157
335737
289746
657097
593010
471818
309327
842203
317784
710482
226869
374882
872732
481107
817983
307881
165104
579870
106627
190721
737268
198700
896933
621576
953938
904944
307031
331728
634860
777056
998783
851946
147115
657217
925630
492450
213885
472606
518973
586252
915600
743227
224787
813118
695292
974132
263359
803560
897057
694750
529988
622844
693923
385432
917292
282326
980753
455375
269972
206404
273198
499690
332531
123882
378633
801382
459459
392519
547174
764947
934077
251204
312698
256224
170509
277214
570822
365943
717988
367265
306357
417263
327037
725463
524485
435441
707790
420713
674023
938129
112650
436522
958219
719113
747284
178093
830534
857337
454791
988539
622805
104255
977968
469881
186988
951608
433296
142914
290689
801157
245848
488674
859850
259867
675715
851719
256801
333005
535128
681786
771882
211899
181002
398282
967834
334652
103252
137746
147612
159859
862196
738141
472149
200358
932829
922944
149064
419485
731922
541483
339626
757885
604895
751747
960494
204768
486188
137133
924526
349563
177406
399038
642000
163055
382067
467601
174289
139429
240616
465779
310339
786929
176090
428536
175312
224532
609193
952792
417160
806455
308235
158117
989666
491558
764847
604152
166103
244954
182321
222784
919752
520310
298793
972999
415983
215015
774374
442272
742601
223036
686436
790903
118112
171661
369501
131447
947543
499188
432562
539587
979948
935214
153927
509301
436811
468671
104741
671334
799298
298154
345248
522734
366995
688808
724588
814787
917124
827237
901521
591798
140991
431282
470146
297488
780233
425227
993803
500838
710110
583230
624028
444636
533539
829800
930173
508451
165849
648308
255901
568748
117729
595150
446366
695719
772842
424080
566724
408955
889719
310612
834921
222467
520602
381145
197725
533923
338665
131779
753571
899108
956105
525249
674068
593631
990466
440376
815933
165886
801527
640308
237974
201211
963350
979257
171652
895105
846669
834132
151106
476433
318063
952667
886678
152973
560034
714088
149871
479636
642136
513102
719355
741851
169815
528304
980099
244250
515750
971778
344263
907177
862896
582148
902365
735716
273007
749747
333558
506878
930003
126301
549359
292824
144842
754537
431531
380131
518531
416499
190212
726455
936821
782464
652888
985496
459184
706809
715925
543167
337163
341330
311493
591489
745434
263587
875076
645878
424010
934966
632726
827544
300531
596633
204262
357130
819634
881790
979832
419824
164543
779215
402026
942798
950387
947582
485557
464782
597677
793091
211576
337907
420937
819154
436300
212236
924816
318215
444027
504605
612495
788276
491119
466949
230248
836251
101556
974269
922719
873989
789020
543281
442263
700462
478749
591727
515401
343305
359862
410617
416635
776043
917936
756853
305842
111813
467845
457068
533365
929720
791160
485656
759724
159420
951272
309926
770548
354641
695004
475405
109249
150368
254814
718428
500132
783394
181560
582126
583958
998972
305610
827910
741879
868154
252664
638618
557441
705751
893047
199072
644019
989960
430704
803566
839241
471430
929556
854322
561839
523259
215464
993108
595254
447910
826911
353994
960382
205453
548069
928818
861472
436755
838124
242238
646333
674001
816688
500299
677987
477142
138704
743389
867298
129600
996202
584486
313825
124622
610645
432433
984063
412015
307276
726648
468812
399941
642366
354801
924258
463431
885193
654758
452288
175873
915732
152981
543724
496583
798343
307097
506407
390378
457409
880745
213618
680973
707221
539518
903714
768236
356282
788857
634454
845780
163852
889062
564337
592023
964425
357940
447081
265898
540842
333277
186465
594477
548596
530595
332161
583956
917109
407881
639726
156412
293430
361384
476076
630932
684993
272328
905930
388958
228133
577848
473596
153138
588427
837255
204179
476037
274202
161349
701650
713818
249311
737484
750974
250302
837535
996512
818433
137211
301300
628468
627363
171818
989535
459082
662494
730145
890969
142222
629490
867522
577671
419651
869804
259329
604469
493588
901217
888611
351116
662030
938171
991727
634334
478657
130298
354361
469012
641848
330038
284314
564638
628635
222420
915078
756398
305781
312316
356517
133732
250577
972551
823976
929371
921327
155179
190799
275285
120342
228546
568077
355516
334146
400406
319948
545551
719558
385216
763990
903999
829977
678418
819504
697604
739355
349295
771770
626366
103131
354554
686829
663715
326053
502021
401348
453848
178774
919901
678606
255031
574574
111148
927407
489381
998587
399412
290044
745195
158063
165830
661359
316565
427298
527881
606460
463469
478511
623675
922655
649618
490026
740669
152511
676507
797291
530656
823061
741894
455853
408307
592772
715018
862154
676663
479379
231440
105088
535289
581958
505044
486716
485651
117033
682142
303089
480111
319200
217039
143611
572796
722429
827628
399810
787178
695424
157381
193824
373676
271946
504913
636177
158395
984613
295246
956318
846422
916809
552038
597251
265734
900877
236667
386213
576865
767595
232397
406887
929856
799427
788648
895316
912546
568463
279700
553436
922526
601305
219415
918197
470273
978592
690790
369480
922912
119233
241784
558200
653845
885186
781395
177475
289296
452461
332607
210193
591212
815618
976595
356822
551601
274093
572959
972184
351095
177702
340741
768257
447135
930805
289291
270103
752578
283857
650009
103261
691943
899297
500829
658928
949051
971309
545652
519012
766096
507532
296114
502419
711205
186557
615694
755288
867341
144135
183482
277738
593909
404381
890843
322218
180568
228240
399368
182189
141037
759484
213876
785227
250123
203006
254219
249974
621800
305223
963598
631738
169748
558970
192484
172974
767215
177451
819890
310478
172111
526397
383342
684480
313341
445784
512788
157717
222339
282302
771792
466904
952251
595913
871937
466326
694355
991580
896767
630554
337384
811363
589532
839748
189890
865954
691268
254624
124112
922776
619827
487860
580653
123420
151830
790131
794315
826939
247668
723396
954078
858697
920136
234256
651643
903436
327082
545335
871219
720246
721902
848514
592445
530235
338971
196168
628565
656443
309654
555003
344756
433760
659896
400117
888465
658972
799474
391210
402905
671617
103095
362931
469726
350197
388198
938340
550015
984246
507210
247281
220791
511585
416566
628164
344503
954719
781331
330325
861594
250504
635594
508400
134985
371601
613668
389488
856103
868261
849202
427211
584958
957095
233335
484972
213925
934610
369107
282633
631219
295780
231219
267754
736533
990518
348433
184294
577317
450230
607903
867195
527904
358874
429934
199563
482373
428834
854587
736500
600903
643162
809157
797251
667000
408690
285101
264710
935452
370008
464738
840805
921528
344909
530747
868973
304243
383090
374317
113371
793527
610238
321306
651463
342345
885087
490228
997482
892670
999176
112181
817619
548038
579979
191822
309654
870245
634343
186787
221342
234882
470865
622237
901372
534015
367266
989101
319583
181003
110103
147607
756964
709316
651568
945198
450697
383595
582522
300298
251925
946505
106480
316197
793034
151859
902298
696847
475590
662737
677081
778189
542913
533445
357768
822987
596537
450587
304422
805456
142444
184165
377374
570968
582108
693745
440552
508452
326101
850503
822193
119343
635038
398136
284921
201434
316550
353579
713034
504559
525761
465124
838808
110626
817691
593118
287634
566143
700956
193314
413571
987460
150534
933121
108041
999064
128435
481511
260118
865622
926646
936462
873032
256237
280817
608990
311189
755642
917178
823548
552419
677896
595741
162489
751008
710035
360672
670372
101289
467880
200235
233442
642672
600653
632319
431743
959119
439431
326124
552249
986527
278088
780141
726200
327415
419275
467638
155896
973729
657927
994919
975448
218389
264057
681286
846445
237011
905028
636709
520544
135642
343924
781208
679908
897411
159555
856669
456446
981031
116871
637898
351402
999643
294410
514038
650651
642249
164055
615641
654394
586677
610343
605855
216255
343415
100214
275935
443441
339029
504675
694141
466606
853415
317037
801087
708938
229889
229357
895042
348190
515869
331154
147748
107544
786317
158947
923544
393939
387170
463382
855732
313811
635911
308410
454809
626124
234222
647871
317159
187976
474937
745639
697242
275909
317003
623184
527341
639569
103405
881974
985261
989953
658690
792717
253534
112524
703682
379122
632880
773031
478210
287546
962388
909613
238603
270813
233044
742433
402045
364257
186838
514340
764527
535704
232832
845846
267708
618549
806669
200309
658939
575245
983630
253262
297985
259675
572621
533471
725255
177260
844863
344706
335047
462971
649716
707242
494367
629737
586643
851938
964793
478145
483616
806232
440550
517762
571341
937906
193184
196606
281636
481944
307899
629775
522528
726791
330032
705844
210025
807867
504915
231546
236548
528388
728966
976084
559851
400636
716351
292573
477726
275188
783041
533125
151920
965672
904590
298748
429697
595998
159054
886600
537816
249354
107759
666754
949103
452783
894808
117536
748284
838428
787364
216075
162286
269038
328960
310118
360323
306118
818706
367608
626399
737453
346759
269458
424588
332200
690617
300897
133212
614019
266208
621045
198106
107178
799409
449513
889955
430628
183685
363437
347617
880585
783980
915811
882031
824756
282196
547736
794100
666488
660143
427784
518035
615289
626022
783155
160560
418626
146463
824761
791453
560940
209806
107781
408318
309627
771735
697452
693146
673780
545041
112418
324703
270356
646070
340347
498385
670893
997231
846457
321604
361619
650266
301725
243598
742426
955282
640235
507597
129385
893130
502779
810697
810909
173020
221474
108341
175282
359084
654359
320631
467525
661409
748150
409500
479574
969286
828233
501227
141931
613771
118611
672002
154482
910926
638705
763176
581152
370325
390748
149671
225864
801235
586185
957738
413977
287319
720121
309290
405435
479896
227975
441557
690923
637235
985612
929753
683479
760353
609106
382052
274749
961552
605743
891742
612640
709142
946207
185512
812307
410790
303296
932280
395179
106258
913874
253761
852338
361201
104171
805420
786007
111105
420973
252736
792893
861602
882358
844308
298881
219405
523602
490048
690981
668794
818987
603986
650560
523538
503899
192270
183785
602825
482193
610289
632704
221340
917205
703601
195769
779307
882669
202625
756213
803897
483844
911007
605986
176402
425116
930309
646838
989765
267281
754003
566744
770075
928212
510429
470132
877507
287720
623003
464897
629443
913279
165647
812196
235666
441026
445540
977239
449881
362648
710159
828129
686213
499798
651510
503933
894863
674271
732028
124512
776979
230688
276813
559516
403794
860523
889024
428092
986607
359704
458673
260714
326437
594065
873997
840117
249396
225084
909394
336188
276291
544747
267240
874607
196057
669488
884987
913976
133061
239722
114247
906430
783170
183523
434046
545476
792435
145315
772535
774588
881711
814125
145416
344092
473694
624232
974594
615280
290871
373147
596950
987984
629318
980794
243886
271383
408237
930579
608582
343599
976913
651332
945990
764169
578289
654741
781297
117716
172018
142088
113725
551738
678448
233153
228313
704366
221810
868198
751888
400622
512790
912419
559396
355736
311407
765930
406396
997736
357939
154547
290702
119174
636115
142620
677260
248597
409517
598465
456014
592805
558500
186991
560585
756777
548277
366709
709221
438822
895080
586614
617052
399472
143634
225935
544306
746899
938618
980307
216665
917174
972507
726513
233215
902805
288751
632208
936979
413388
812562
578490
895212
762668
960098
962041
174534
907813
855144
981326
585291
787389
754929
390278
814255
902284
124676
945149
558933
638657
432282
439875
408617
658134
959190
877806
671159
164711
984212
812730
726752
202886
979245
418797
626191
769975
565443
501399
112898
835451
771693
306724
787277
825683
177283
164429
426278
421903
831309
732678
325140
948518
927751
343806
737109
165464
874726
543614
430662
739537
836585
474861
587054
251937
642711
924475
873777
408611
198779
330356
962542
479452
365167
368921
700838
167261
497807
929028
598936
729666
392202
135736
390058
793737
413815
536239
497218
318991
555321
295371
207049
252647
917760
786340
828290
226735
330762
107356
989661
884288
128571
743167
294920
142996
150692
733239
620793
201572
151845
663550
626006
549913
365761
595849
867040
594369
243950
266135
852165
864778
180375
751974
742807
188384
678440
991947
595483
821674
438588
806281
257325
218684
468689
327292
494820
763365
114222
112817
791848
863148
670320
882972
585788
216976
506424
518192
263326
644391
799181
345069
728481
457771
607870
470088
327396
624514
924148
794348
171748
967718
184915
929610
160720
426056
870090
678276
298784
946282
568393
842031
148331
500415
818838
856715
174963
625445
380749
396225
995095
794602
685037
258910
228560
200074
877348
687994
464420
914416
383490
554333
688297
791468
226940
596839
356925
732418
500459
438307
322542
904503
716431
435686
362821
170757
701088
689529
468297
137516
353098
404097
225568
494503
225930
256801
801750
311144
802692
514841
356084
955365
662136
283662
637399
588554
979886
367426
997691
936258
751711
194523
680263
464960
349397
466083
199070
320307
773851
321764
490062
949529
595902
647570
288122
768755
646964
848599
747593
340240
940979
359516
237877
505978
315149
320546
730821
756119
867900
138474
464262
531658
579153
151090
530706
870893
171460
766147
842845
494959
126652
395260
196468
893582
526772
454865
257168
924784
861974
293981
446839
368167
886096
800458
875378
722995
706428
792635
732885
513257
155091
313043
177241
215125
951031
822879
421309
382774
730898
480990
987384
864166
396570
672176
173743
609997
249891
377419
770968
427955
500978
337577
660636
518519
975755
487212
974603
826892
628666
812597
923928
609057
547969
618164
828773
583998
634680
379353
581985
214606
572502
726860
138304
644873
829665
965214
595637
637127
445767
602193
685826
352109
188259
166077
637688
263731
145779
623216
788604
566444
692972
920644
981182
424371
617113
854788
163446
293826
460204
443264
924413
285401
471179
974541
583969
612600
948148
914665
166867
538571
844886
794357
794233
345043
948270
274501
122565
678170
479369
104448
446394
937666
160047
373854
560192
357978
366365
175656
950937
263060
506637
835062
248461
147855
873019
384081
828473
550082
340956
400074
152067
363808
787698
345159
610627
943186
962452
578422
983856
168868
199391
814999
234777
165154
228510
412011
416397
365633
925146
919270
530361
109583
681227
638392
317692
494062
883661
817714
135322
383203
267679
735760
757697
162103
840570
110679
592551
769543
880757
524899
881350
561407
949359
927097
818418
376164
533011
379185
168909
879950
222604
984755
111511
810996
401930
803316
126141
167644
718645
721599
850735
523727
922289
341377
355693
173621
471960
785806
919337
238884
408135
379857
753175
479783
688902
681286
276770
796902
129439
932100
632283
230117
336650
916417
644244
901053
660407
316086
971821
827792
133949
230356
313934
160523
101261
158263
772309
441554
666122
416914
354630
196385
174093
305092
633842
512203
913203
783761
189206
241000
785556
521188
446051
713008
632037
589610
563514
861007
495300
594033
198704
188998
596770
802817
626597
103568
563616
732489
761773
409837
601681
357175
152986
625744
345973
509199
994947
168003
809469
316509
236984
468221
498254
224939
417459
390547
963549
859319
511758
426727
283732
655574
370196
981600
291785
280070
852488
946013
872793
137880
201798
915019
363543
967069
251025
233922
925165
467531
173386
227508
536532
271017
118337
901592
952847
943040
853708
718556
602399
746228
613811
657036
600114
496828
993287
192074
901710
430244
682702
147209
683729
300584
451532
527258
959424
156721
105963
315281
641463
918633
398010
665640
573919
348365
494093
363271
722207
672833
939647
935064
913690
846080
600768
419788
296445
842529
133545
127751
733189
366864
792058
972763
783700
383767
927879
146822
573001
627866
516676
986179
292934
160911
696593
852748
479955
510894
418240
214340
277337
411375
534444
676774
897846
864285
741511
473737
553838
164764
524285
351330
484360
162573
210032
478729
221692
303396
979263
211181
507803
893832
530753
457485
734579
860547
554115
661130
957898
827488
716254
301955
820435
783220
594750
169588
816528
680645
243876
898893
641204
661224
712523
701616
306988
587939
731099
441023
397291
661549
233061
169844
588375
948547
369121
390346
716141
721541
523050
544284
547668
167137
613624
837503
834653
990206
280390
783961
210280
775231
346020
602702
885911
177706
954812
633314
979673
506693
427079
456094
529547
923244
326178
716911
190884
590279
898798
661452
890834
308932
744703
978198
755081
341655
137988
803592
805874
621227
105658
847414
900110
360226
657225
767902
821870
751372
793303
561325
243151
900294
720495
486081
589025
370370
537887
680860
680310
425015
292357
837078
175656
212250
939695
352448
397916
715600
671506
911996
308583
178789
338093
802936
798769
162442
558774
815457
655288
743760
966230
195903
399062
384231
797670
850810
522680
115898
525258
391227
248856
821137
284912
969623
770455
833461
779139
726551
955356
711860
844601
821100
516392
861087
211479
805622
153943
780591
659785
298260
595159
652472
523371
809530
697890
176009
169726
887281
709089
411181
947146
409615
179265
178886
655744
663357
953305
677410
894679
345098
104382
294316
533574
252350
791572
844283
492047
593515
702432
568863
386050
229354
259543
271676
343909
689854
632464
880159
704449
202913
272972
200551
993641
626543
890011
926943
203686
198351
871111
443717
331482
308487
990935
994432
450418
317926
175362
195079
372033
162900
508997
484995
119967
252283
128313
297953
193684
620406
983635
948173
287451
423426
554671
739205
290575
510274
817052
783525
269668
562007
209530
352555
360323
863151
410481
113637
134949
436511
415193
906180
620206
452202
761205
207008
633686
250537
555868
923184
953124
414616
887293
670354
216498
990714
110461
334765
464444
611493
478151
733243
426649
445286
582771
602671
433920
725289
454956
609737
541674
482323
918278
983865
863050
518328
829567
428527
867035
101198
267538
560470
991848
127021
944973
498447
630360
366625
161814
174120
268772
220535
409039
798914
643656
278390
497907
489497
279944
393337
435535
620980
180051
661245
797976
782807
424415
493948
229586
650343
717608
353654
835645
715547
129378
780231
485998
562170
302955
879261
934735
921531
265127
217715
796497
108768
736108
526974
138727
967363
161974
509776
969007
968670
798621
571966
198840
968033
929737
771625
275155
968167
439524
123307
732484
970857
653210
480651
915022
867976
754677
709443
754315
684546
332019
967413
738991
209113
413248
595879
112719
989651
174838
656616
796985
276234
523130
198714
250814
811434
683838
783065
242144
829874
397050
688043
668490
501752
908177
933930
469088
523241
991389
367081
462007
922107
172808
801111
781822
220847
271825
205214
265413
663873
138646
370792
377254
664198
372129
761110
838017
404019
640777
755921
439825
985688
340388
286890
495607
391749
988722
967148
471852
955957
161229
392923
718513
297770
552657
375028
720241
163949
848042
321373
475432
163794
594057
377355
718432
234896
483367
790951
197045
133806
488586
797801
121385
132257
852661
419160
131875
240590
908106
341210
968375
626445
865834
814139
789643
107532
711366
457727
853850
697638
756541
762745
223298
286220
796630
309800
650256
811282
938175
193317
588056
277555
445370
425574
584262
489357
347895
499908
167831
253865
776947
668561
911326
419810
625008
637740
549024
165061
580153
514554
198689
507731
858467
399554
426717
424692
405938
798267
266965
192855
114124
245723
608881
444195
348342
833149
798186
908186
885878
227365
925546
137257
747309
312922
847684
238276
832419
543680
463011
711304
811821
171756
228601
267533
410724
138607
987736
568450
282144
319669
829665
692914
560920
105673
100313
661983
589949
229522
633198
242337
556169
463507
291178
240581
983941
613943
171511
111103
634357
618912
982751
228518
325640
268862
793234
723716
324860
828410
394261
372456
126064
617013
740988
401761
371798
221186
640275
689975
428098
792226
656687
395199
916029
363069
676414
663377
652034
958468
871892
772328
898869
175509
365378
364448
680421
939782
136757
666051
478625
147084
448990
964644
141517
942323
963149
896836
353086
812565
823647
476558
622123
966625
249194
547289
977633
502522
515846
511821
696148
834318
373799
794749
303670
866490
874509
649343
384116
262636
268624
136760
969794
535496
218026
881494
337695
737571
646590
369624
108830
880784
674243
624074
442026
888375
748494
492992
560690
459535
428913
556840
607285
857258
180386
226732
359148
216767
788505
447684
688022
576057
277243
220482
595707
198657
102330
922190
831979
623782
590421
303057
657996
161050
895671
407730
691313
226284
326750
207040
931010
106343
850520
480159
917872
212202
374149
576192
569455
477906
511289
114290
690099
487491
729188
841111
250384
499156
897676
650752
246040
791785
705399
509838
446461
860986
247964
350809
910814
990327
712920
618443
170371
685276
289185
886158
881131
441662
872643
745890
689780
994604
700104
109166
309796
467830
244004
561894
305211
272564
790851
787560
479879
277907
559018
541772
462319
457282
278676
497995
394262
311446
876779
325987
609997
327035
605922
964889
748820
172505
566072
698984
635389
340721
796492
531889
336591
679909
141415
481466
562704
842725
891364
772284
230868
197368
299360
437466
551375
615056
956993
836760
641543
893947
732616
695590
170986
993061
564533
852306
809926
333386
714394
484503
972528
502564
540242
396848
589274
674087
347731
851235
603555
805614
100534
742683
947522
127897
964709
487122
818980
198621
976753
653813
246284
363456
774331
431122
810872
241307
128467
904305
156134
301119
163681
267799
150651
307358
772376
806991
352181
162082
422332
796692
292582
148504
608890
167588
761140
572433
371883
787452
262000
115810
817192
562651
455181
985128
635365
223852
634733
881046
973361
380769
709351
140685
321140
606491
754909
120493
533216
195927
446230
206913
999813
967230
633159
416108
653771
148282
480632
849932
661568
110238
977939
147233
324804
118634
673542
276202
436891
806138
852175
847663
489951
965938
189938
339178
444680
601716
190798
382126
889019
995667
286171
522492
917774
409730
731811
439941
230228
207923
910154
609380
162441
389160
329948
477391
846883
594512
459562
200914
118206
264968
636393
778148
435979
339436
992522
445107
548129
123242
933362
603660
500181
142006
655433
921145
323028
557008
125512
838954
728887
190318
449252
624146
688993
645159
911058
655636
239250
822929
108054
230254
591834
836237
442314
289369
864993
736670
484896
155164
872486
716186
224337
662220
745329
718120
154473
372901
826643
773865
132944
560950
525739
624459
744251
359649
837550
750755
323460
670822
412884
847945
258415
356561
140115
329669
429682
601938
206455
778624
976462
835071
521285
184097
779148
591815
213508
816266
644885
845075
578021
316136
863357
120394
631671
541040
166074
179661
852313
316270
428689
483728
472226
828066
724905
287380
541569
942936
173019
590985
363799
878077
980790
495156
339959
451011
298133
967517
510122
325323
642875
196514
349487
477197
711506
253342
164200
702147
157522
740889
902525
752054
954371
798475
354807
945133
327359
987703
372346
231310
423029
234546
185391
883102
699483
417709
453363
230656
769420
877711
940406
689115
405274
160580
536500
933671
300416
430274
171013
173507
524063
722672
904439
553797
662243
679258
497827
259432
996257
547306
193272
272707
656120
514123
159631
727285
232787
874603
380978
964645
550444
820186
268284
224860
761469
247570
586560
968707
340947
820699
381881
810033
966112
454306
775994
939676
649462
371499
473700
104325
981956
766985
999136
570085
644144
232770
441499
196515
388217
360472
640732
228931
629545
430219
883701
509213
402328
287090
529452
826100
956891
331305
379619
295795
931480
838911
515121
720659
187928
575983
625279
855356
391240
291577
708468
171123
206342
254264
510767
780115
539676
465936
282134
432379
486605
809118
980324
488646
729337
417837
593560
905037
344842
136924
580655
593630
428560
324718
444564
205219
892749
181503
550145
812168
384692
536993
482081
275403
479812
593344
694429
161411
452715
468129
123185
850479
709131
689299
508573
945414
238006
132812
781030
458273
297923
482545
724202
961155
155233
863649
332227
525210
488016
771764
315803
917297
183063
217910
894104
226915
450062
739461
306500
277152
500292
962308
722405
499592
972279
968993
677344
153806
443649
797190
789932
841287
982248
398499
541433
832056
771659
540277
643969
821488
402195
447150
601303
463490
742953
863193
762891
947144
785280
180353
190184
195025
774678
686974
209610
579502
356099
717963
622394
945742
285085
129452
623894
334952
155456
642124
939203
690219
322755
579581
167002
352192
721033
201349
258486
209739
344577
428272
498601
446870
816997
462650
519423
923979
515696
231790
886355
351504
581065
689831
690467
257496
410214
923737
416019
186641
846464
575964
468270
272718
401795
554255
613603
558917
358205
278110
604255
470914
369105
494370
769365
483891
275294
395176
634851
609717
465270
976255
655015
131481
435777
913005
698446
884783
724156
918440
300992
342747
548067
839595
203715
791731
422534
818796
911983
405577
312651
174466
776629
166101
953392
112071
924258
629868
592356
364000
884925
188466
819178
263845
134735
189018
237582
538185
857468
449948
883519
956736
375830
632805
239585
721607
628915
640996
611614
557723
670874
951862
245872
335966
446554
104238
829449
631238
400128
955285
589105
697131
596374
413365
223272
530993
880407
205571
771730
409715
525259
607071
827017
128812
213644
319371
569724
659915
935552
828298
275199
798166
927086
293718
403906
228238
795850
885594
568330
807423
211483
394799
400004
221908
274865
393506
300204
519923
661333
968726
482729
427329
524465
104553
104066
795800
711092
957473
720575
347170
787254
510400
591790
555755
798561
490096
575207
708169
276487
602256
949935
901101
923526
620111
995928
669051
812520
893172
368095
681171
543045
878891
395637
903891
190751
695211
143941
370547
411473
898463
361111
268814
134784
285271
678750
766858
631971
152192
802312
332041
308608
491017
556398
637832
765311
413761
394634
888897
298408
547686
555441
761218
368687
293314
682160
502162
286474
306259
509244
177567
975898
824318
345184
889982
676415
546987
896166
835827
372973
466637
398758
558878
396280
711492
816807
772105
153399
814284
910873
309278
115307
133302
737696
154083
113346
692039
176010
807434
640478
331144
176207
992896
413965
246279
826675
781634
965954
263563
221572
572656
540209
485013
469670
954283
431703
165660
775589
220981
839212
441289
131341
978367
617006
334538
762358
899218
782075
340521
538853
395576
108934
429060
815950
994560
584454
594776
825406
289511
248918
501106
494845
258284
908401
514367
831279
645425
718154
663214
839590
797966
657986
388071
324692
181538
618948
731592
982795
385057
581742
273150
344764
606839
174958
595860
573099
656955
738498
928974
228982
560799
939741
107041
426291
161648
198560
364819
911210
359869
718769
332940
876286
935003
625584
454789
848113
567574
459232
423918
108531
275263
633139
874138
792664
857732
913351
500586
965685
962724
417444
208192
424512
822479
124768
501442
860882
664739
162008
348517
665151
515292
904334
698806
479595
229292
550064
740401
842371
665089
688678
530835
722794
888748
555007
976400
400783
311651
935424
150504
928907
427347
756491
907115
649548
417361
610810
909893
200924
816134
470115
723108
376732
554893
287836
441438
693305
194454
486522
826192
720343
767118
408585
950786
266657
746276
128876
441229
604456
762909
834912
199165
677037
878498
637367
908225
104802
657474
553606
533341
287787
689040
182326
229087
473882
338655
476921
430187
561956
130178
446187
678031
303067
398594
940313
604619
846650
189061
960192
871861
381257
121629
185461
678769
363169
970527
893418
267177
817941
998854
959754
760975
381375
883903
522966
829585
347096
483161
990893
613769
228473
106028
835217
787045
925933
774709
581458
638392
854278
751561
255836
682117
206298
507528
675633
744594
230564
526285
231056
326474
430035
590058
672921
164749
216814
321205
170624
728930
937405
393195
807311
556475
919666
870128
939711
500725
193134
683891
346032
451439
823725
687700
704410
772563
988748
168982
937199
662665
595285
455977
332027
880786
589399
763259
122223
929448
515127
585142
956929
155020
747376
728709
640497
841919
916302
189444
167140
615708
347780
414762
996192
462501
711321
361814
683573
962442
881701
252887
878513
416084
666281
763305
626430
777662
687786
711190
973322
138139
213915
584678
918152
254503
891493
150833
782861
313813
163749
283678
910207
308343
457656
616530
517696
109819
278492
802114
960549
316008
614780
588192
350231
181272
790006
103830
258920
956746
498798
870853
273308
383810
653980
603467
432528
378983
920044
570757
956691
649649
740534
137102
306345
375954
773565
529366
840702
437529
788584
905455
520790
880509
968088
880754
284630
307529
123964
946002
279832
437202
330863
376252
825132
911308
283324
677091
405954
367409
683428
843578
230174
960814
476610
302615
498860
135447
637764
492122
490602
411240
890776
150494
843472
449405
392536
899877
109391
118006
327144
195206
959969
426223
979207
566315
513923
592407
890840
732173
288472
524072
335202
205513
381808
277338
219320
458488
460421
281693
436318
448995
347912
214018
158028
702936
800999
596280
823075
860757
806443
633036
474148
200194
340409
153112
576079
970969
651795
841445
975656
336500
918978
845649
704626
143705
751040
495276
641764
917178
709120
867633
114667
754533
381276
636888
923682
983172
673435
676874
681533
749492
269566
539900
390604
425222
861789
526547
953225
602774
652192
122764
152773
110014
723270
168816
992102
900568
516919
203199
380588
695049
416380
927795
764248
647119
415080
101545
210344
318119
330751
999415
519559
818098
348998
220134
426074
399263
190786
203367
926647
479131
376913
120150
869689
646164
995321
195691
140447
456297
816429
292236
989019
440853
212085
774988
249856
369306
339902
354546
238648
285185
787113
417813
548043
671861
643458
593323
323344
764108
326519
318680
638150
509030
210829
406292
226217
735260
469875
601793
801356
453120
307477
562454
201281
479803
642537
884721
935815
616953
462245
161531
306114
453215
392753
527767
342435
286260
283521
393835
611484
208070
207855
254194
538342
761305
635461
379509
509990
244507
136489
918806
319749
314271
637308
421487
912352
821280
303344
479511
601248
554557
165608
713021
789900
156907
763749
919344
385073
378377
134249
774955
840796
304889
576853
692313
293273
838812
351236
580704
168416
517451
541948
681337
607142
922922
382475
694434
716716
262514
699123
556052
853475
148059
931125
831189
865322
510242
297532
115743
600860
407151
271322
463460
445238
471448
972039
909242
261914
677164
695086
627450
195042
322074
330982
513241
894196
228673
927365
216022
468869
907297
675439
395736
677089
558662
993062
248205
801669
262478
226681
209722
458091
926497
572459
790122
950157
359834
587980
405906
498079
607841
862510
566940
360246
467047
102514
656962
771163
751591
618500
266757
404557
546640
765724
888032
252994
485698
