857812
360463
620991
946804
213839
341925
173613
430139
845743
683657
788778
515431
518189
432675
219751
729556
419161
179257
941732
304072
355157
249007
225318
289724
782105
346048
226430
565753
133087
864623
339717
750832
601074
415918
268835
323867
413083
135062
459086
581862
175193
638407
398224
699590
222259
794640
332179
435631
109113
586029
964870
131522
634326
584638
862611
811441
484589
709759
682232
540178
234420
196696
850555
885213
175536
963388
780537
285679
272397
941534
169407
951145
391979
730882
529158
637638
495244
661187
130347
741763
161492
120332
911184
598474
729925
631433
924672
899406
515115
163335
260918
901459
139607
846817
186589
684662
157299
192852
699855
349446
823407
634958
401632
994822
400567
241612
943178
935361
833038
146801
216735
441194
392491
181721
167030
757350
305022
203139
417917
944752
679767
908302
932185
365375
561858
400395
537381
663145
739687
797010
747225
221766
850787
387485
696467
399976
379265
152567
301526
688710
696203
148790
649979
239872
217934
693307
567041
155784
673130
865818
664236
433725
949626
721881
182390
440065
862931
231945
755684
143190
429811
602335
374659
988278
694299
374061
283302
897667
570904
771348
220950
696313
542675
219416
683046
924995
330875
414316
221591
709142
162316
358420
570630
782542
732155
109260
726697
181000
416973
723529
822029
998741
914668
655161
218090
642726
855851
655751
373211
960896
981940
808092
233554
238975
619192
455222
882921
897627
258871
320565
184632
913589
655833
205202
573689
350468
138326
377594
358321
461409
108128
312347
636099
528162
396273
949972
200327
485829
708448
828166
674312
551486
549078
694121
399977
887895
728990
566156
539050
973378
577246
258995
668761
254069
465290
545266
186971
402553
480201
608594
748339
463299
449895
463318
865085
677408
396414
112727
669580
437246
702373
291569
448955
745885
376168
604789
836866
291644
798423
627422
170340
733173
348795
236702
323119
817019
803554
151280
655836
711401
184383
598203
435990
688994
983853
554210
989747
306764
842970
792863
501241
249893
330785
866062
252517
576940
565255
177305
224015
688240
397521
433462
613561
909761
425887
922802
405926
200813
816693
750281
112083
499522
108481
655626
804271
824281
693997
213490
530566
654041
127595
800373
939733
685081
337597
771030
293761
985590
472904
954040
135838
783695
501449
984818
984809
685392
368761
689759
415709
106460
391966
698505
262618
168408
135482
537882
448838
659888
268604
391776
678333
284238
267712
626622
727109
323635
676506
594784
434479
978319
105023
756272
300067
727362
912923
473344
630543
395684
599615
526172
793296
255146
608907
357050
244141
840415
482710
410943
541880
930927
623635
932271
992676
996625
525521
737525
442133
158053
430431
578407
508479
386307
698632
703262
866003
634139
974524
407355
562739
140792
571574
587010
791073
249975
495681
163488
108438
111747
728587
658016
507839
989671
158290
657017
563167
943353
408085
971753
776275
342352
852511
760118
545066
170192
594421
691794
614054
458520
146754
191779
205312
784062
297909
208501
593806
920235
301244
389171
997603
619792
645879
161794
941352
844068
951737
218516
220735
657245
286634
891194
730142
950662
378783
231647
472710
564670
408813
688841
309627
990372
628891
777422
653609
590109
855157
747815
831631
889237
130991
319228
579699
955711
746531
930280
915810
495922
635392
873388
958990
254878
733950
408310
772603
508230
633060
836634
444408
808559
565480
280077
166488
844927
873588
878965
872947
666369
455276
914799
577143
525353
854861
316403
104023
406475
200054
875223
163445
264609
657539
687981
855363
808372
603365
349939
791307
905865
786921
487841
254447
416329
745348
678616
844669
145381
140075
951274
462226
181832
670877
811723
485751
976370
622231
648722
460198
940398
768465
844370
394152
903413
808382
759321
310800
882969
681729
189126
971467
272147
242875
641362
895713
424015
229553
327049
187704
978171
412190
229115
569634
722542
968208
853313
694782
443995
474863
412107
613310
383162
435093
514227
523685
975515
441462
126412
400125
500197
859042
454610
232689
666172
850283
457586
542482
498923
172083
435826
842420
658313
144988
868394
555282
581939
845330
704409
384333
100525
937590
849609
931181
424522
508696
755378
276459
876862
975472
132689
247979
338312
336189
751997
544913
846151
339929
229621
486607
342197
563314
188058
795460
114916
628244
561486
845603
575386
269168
279855
678009
363411
449837
174993
421542
614604
645529
798896
589521
785113
506545
136253
226665
811140
302932
791654
225847
326048
968322
358455
850495
630734
768341
956739
235804
771288
795024
289826
950514
678994
889735
854410
731500
712290
118618
484135
906825
434647
382048
845223
218939
756368
989836
612950
641985
414289
359811
338821
801090
882658
507086
115094
123788
958735
861342
252471
231288
184711
602570
288307
629776
298822
945717
718147
170588
215170
685628
493794
927714
662736
170826
379799
298804
637360
818915
744124
468004
905256
897247
125427
355837
686321
512907
290256
223383
855579
428135
731819
909139
630177
725910
904244
594077
980452
243853
723233
196691
256911
922795
202901
549051
488914
689004
155479
988716
837526
513817
590001
916105
196869
671672
234861
222049
188738
108873
503489
172032
233662
673204
217119
470170
547187
389565
925668
932710
420215
122343
431589
463808
531194
920407
327285
287034
394794
350531
887006
388728
208074
825503
703358
959101
541607
803049
357750
872111
190186
796580
836400
445163
408634
752391
486366
228755
341033
284692
482756
527631
829750
837037
964113
226120
318225
131363
492149
992310
558027
618299
501327
685688
403139
729554
127132
850414
933177
339101
111118
656959
845591
100925
603574
390121
313271
336307
862871
808556
795079
428097
817488
607480
138331
321858
606693
193904
646550
878985
541700
347562
442818
932063
892336
787686
578528
140066
161212
421548
624504
297278
653029
756048
698415
356075
502909
109649
546714
930936
134073
116987
909071
427775
396551
901279
379719
128527
309357
287082
984747
702848
532811
199144
369749
298543
113235
159666
279730
646757
677498
759710
882162
605586
336653
289937
917447
819732
441514
833066
738373
584901
355285
886729
804557
144270
534596
961483
377762
639943
780171
301760
266431
879839
891910
367441
663019
765963
602433
148541
982956
856538
359502
999702
275221
866331
996883
563590
168366
384886
156993
369897
295577
233181
919258
357515
608522
263642
693439
943510
783167
393205
831064
477154
308252
232945
768669
451522
814371
844645
590318
922499
891073
959850
233029
575993
872735
968392
707691
698636
296834
758157
499699
798849
147321
690584
392949
702152
756842
878613
423518
138945
169920
330493
123461
389591
169750
162716
458911
465031
637851
560577
174961
537308
584443
277081
786803
468958
134018
271478
317396
773085
120743
729195
300994
280700
751453
150732
400772
630379
775936
384930
965042
641123
343904
515798
248054
984713
494018
362824
470445
896208
280390
772433
150014
460756
666891
679444
563409
867531
908517
274381
610760
367442
547208
513651
165638
361910
130588
680824
112014
130544
453873
289305
619913
785077
134718
681132
243599
967227
898562
389479
267487
101907
907420
617924
187784
954403
657857
109586
957433
638882
801748
963790
264994
648467
350304
158498
640185
318988
970028
548274
978640
785469
281364
931662
822455
271647
413926
569816
553111
252327
635911
168959
831006
569247
498540
480022
658284
468154
989237
835191
731532
317605
740775
974462
139910
432411
821120
274434
466562
373336
838951
727341
597811
662820
819619
507513
763812
519409
361730
233203
715675
681279
793298
135655
604165
234539
183680
821183
369507
980747
746992
443643
501124
143546
829884
378862
315570
471979
371676
433757
519536
164512
902516
430191
882120
439686
158870
531164
232894
643777
596125
213425
701781
923524
558651
703583
311125
664131
528974
966947
126426
744245
995711
782478
107748
155922
653438
942908
801228
434704
496132
659469
433478
753110
379184
606353
350478
847999
157655
936874
291964
520120
559976
906390
516773
193539
539176
756054
267052
112948
772409
956626
291891
247185
214918
497174
870792
126296
532199
924996
408633
236641
261414
320493
974548
426832
874412
677907
742936
969942
797544
681363
440193
859668
588404
607859
498561
654379
978735
363324
190156
258577
534829
995819
506519
675429
911960
434035
676287
550043
358122
790146
685310
693584
593251
729279
698138
525566
582239
475970
781969
295307
689416
747203
571883
316278
376523
589669
676205
581694
406862
754865
632427
553951
960567
127140
775489
809711
296742
319386
911760
449858
964809
884520
459348
192519
757328
144391
274701
962436
822389
510134
470573
159069
596825
225604
498178
574212
379997
520170
846162
614490
987856
232933
558206
659534
831153
370212
221350
328433
114801
572946
700584
284941
406419
624638
370365
125526
654593
968843
573116
151547
427156
503699
711170
856502
141801
486089
245720
304745
528331
565620
245417
281201
439270
935814
863169
840216
187168
340589
796180
559203
760053
999913
632832
808500
372448
340523
467509
613085
773820
953015
766982
107748
948386
590328
486942
194798
177178
643829
275807
435454
372388
374915
525762
376967
147922
589371
561453
139718
903560
671089
723534
808416
234091
573126
837594
751666
745060
439955
533106
707477
775607
979440
813133
455396
368985
699249
491927
606293
102662
678413
140417
858371
325220
520241
784363
881135
421849
291809
466119
731634
498142
351974
282732
250929
687440
982161
603244
462382
157126
672800
676800
139485
708961
178339
328497
437284
973543
402341
370482
634613
315026
590536
967067
489546
898320
235699
559447
754417
908437
972904
461093
571583
704625
464064
965699
241352
971910
473216
891818
168588
138564
458109
818586
367091
799302
457676
418790
899034
421578
581430
292117
917420
648119
712363
932551
195382
963677
592546
359931
583704
414738
529593
267207
280985
705042
858253
427557
209883
642296
732749
695067
186626
540631
822791
170194
845704
383224
601574
344086
334950
840161
491656
676966
895278
920397
919296
610829
308957
317613
226501
110699
826749
568675
443763
805311
296339
881980
906248
939085
366152
806394
825686
267767
344999
176019
572556
254040
219352
601028
612659
996378
854423
355718
116474
255281
529138
514403
441316
626651
324714
918373
737032
362456
963584
721719
130886
447298
435764
733543
865033
570682
324521
286178
169205
557107
757502
629179
550164
443078
165648
331969
386468
992146
869037
245864
653737
125283
978651
290101
718381
817897
330851
561434
131251
792217
105972
890155
482759
776077
458222
996200
438109
184128
162192
310408
406177
527551
670286
183360
210488
558320
960445
584242
735042
437082
836110
791860
942338
367448
854647
206144
379205
785516
630698
103245
629951
954937
418548
431127
801328
312263
884286
594321
476055
527789
213222
607386
415904
373556
795599
766417
997969
177296
196199
131199
497235
859694
817886
978644
730986
790286
828622
760618
641626
367444
624831
529183
774441
436754
436241
424074
538149
612008
288065
750387
716630
194054
361032
831045
400126
611850
420220
551078
873146
229175
380644
782781
225608
158918
383034
777096
524343
824408
536151
918937
372265
561733
162947
192663
202882
208713
517428
170015
922854
763465
622836
951181
123159
251694
865260
854455
356184
753531
502909
366158
622687
333363
809677
865534
667688
597636
336591
324920
666992
360668
860234
192607
995896
497837
409195
582155
982268
351316
773390
226068
938325
633448
277552
400714
165703
276214
291327
160014
573205
772903
349076
516210
787832
474329
639870
698322
677189
882325
376298
683619
498414
527997
519195
246775
311632
241373
560569
387516
428107
913347
280272
621883
551045
790902
543592
208152
823804
849254
457080
492601
286388
457143
300013
568287
738093
300592
958103
121490
102294
398968
844395
570732
934553
460004
570034
903656
131458
863245
243861
661671
623208
461817
348041
405606
970333
405937
639032
715704
184345
145358
970763
567252
251970
384035
192657
258158
485095
205542
925483
468727
756243
464380
439800
811473
584347
553147
752970
104418
761235
932818
890267
898466
989882
882987
106569
922429
341019
458299
955650
821526
364245
548377
156889
904963
142963
264378
431919
713670
253561
100582
412300
516552
888976
468656
897661
249893
598467
211965
470020
166540
683047
240491
980060
817162
489808
501089
687880
668359
219354
395822
277035
769669
462118
526327
176298
455151
217260
901573
859415
685673
757469
734895
809832
872530
138225
540745
599153
100428
290365
579327
913946
435986
489396
108745
871215
284643
351402
198241
449618
299693
229670
718957
484449
540354
365074
954769
971856
825302
691593
251498
250277
850649
277200
670934
381528
543340
792697
253539
349466
379655
440893
998619
900719
838184
396404
102071
910662
254076
492790
461824
364935
225311
273009
574278
451020
473416
124239
267366
598717
406865
444159
101752
525474
362791
518533
957800
384127
340776
649248
722466
620388
475278
254009
460776
440283
815949
879577
761789
732057
903161
988486
636480
701020
189547
126529
161330
303780
923478
417149
307420
456461
147196
939619
303889
724510
789690
871521
510523
933355
506119
954976
556907
550130
530718
196116
964136
465200
123716
235444
570063
782041
803063
277900
800785
591222
875988
506663
553945
136604
411085
900553
453333
578552
308424
437955
541642
224467
790297
452321
776609
176898
470617
105564
473719
792381
111784
324968
705544
629857
625762
692244
997058
251040
564054
577994
133237
698205
579858
652283
178422
716844
596602
711013
853609
450695
138678
925140
377983
297299
915168
364669
941271
521034
443919
591042
988891
360213
804409
298177
506489
657277
420602
864829
153623
129770
812971
399072
258297
624153
658140
664986
618337
485720
533113
559823
586054
838951
836779
486894
624526
151398
722722
587893
507838
447455
770829
947854
495605
523267
786452
591104
783898
178763
167161
250260
157098
543334
504149
897373
138825
620454
118585
888717
416308
205898
890103
295894
993338
971904
444874
247663
764268
490773
539046
839805
338873
435908
665662
580688
919185
686148
444159
112838
789063
105012
195433
490246
435969
737713
979554
326123
148990
337698
598124
259444
438914
370692
187406
743813
344969
553504
257553
165511
546328
741273
343171
243905
641690
775799
333665
766892
317344
900824
220883
577105
225180
938664
321429
213884
752153
885845
477065
517442
614893
379293
157283
786250
266690
297500
309711
238973
869290
477890
628414
739959
964495
758480
136286
300528
975653
375766
396987
768390
421023
294092
898577
631080
384034
162609
106632
924022
227821
643704
905396
421435
339802
665823
691526
616139
323448
613674
639570
909192
196956
560159
102266
478517
910896
859839
114844
446913
810163
571625
216040
885446
675436
773322
449363
216881
977536
242781
468805
848304
824458
395226
778806
787817
754548
197645
583539
750699
265183
552714
583953
138061
213059
518305
756956
327277
657198
134864
816904
747730
518727
349409
669129
350339
222079
358951
512084
991983
252833
495159
286689
874728
949297
639398
901635
232174
549553
931765
896889
678935
212667
802682
469928
271305
942900
963620
867110
110375
224783
184294
221398
329617
287926
208689
670073
502348
651935
275533
598633
386031
705708
303881
670581
845759
686570
988300
550179
478562
316871
594282
759977
364078
832548
105406
396181
304336
606640
179396
940679
356424
561832
948533
132321
415652
942624
451753
474409
390424
896776
864327
901132
597295
550577
947005
432236
952687
939162
654663
494846
608291
309560
704562
140067
426263
663496
840648
590138
885964
506156
636955
920298
154033
760352
562970
112913
754639
295197
152838
151687
421702
264620
374417
297932
788904
386035
834399
465586
379782
780812
132855
106142
909043
457356
509677
684894
345661
744180
269148
798475
837802
238108
615282
683528
381955
477692
557907
588074
157525
925712
284062
206533
208895
439138
259804
789359
279488
693915
966047
410101
643098
561971
983286
973524
284934
403970
452752
184491
774259
600357
829274
730850
829184
413726
474944
136059
795143
859918
890583
540296
178573
389257
204012
808064
111506
323626
393643
267404
520592
181767
375081
227400
943342
504208
453208
657618
205683
127902
575794
284396
941638
989503
310339
225351
845563
355606
886490
568650
203240
996405
776581
543618
574974
955593
411967
686694
981063
321880
129055
810401
426514
940505
565540
559674
374573
232558
310353
253984
389360
937016
891295
103522
128199
974111
669363
629761
617132
306649
918661
613281
549175
259172
208105
275492
628439
758994
867631
473024
468797
995049
175376
599963
963209
405755
795677
297976
255526
841252
976399
831431
550493
534618
606103
193655
801528
813129
125095
921376
891394
415797
780147
164900
578793
748659
428633
895312
283286
111598
497472
273161
562289
483921
528608
514771
463833
269567
959670
920500
350528
982870
894743
246421
237803
535275
547320
323718
770241
802130
810850
320878
620772
683473
666937
479335
160851
556300
750666
654166
264636
928463
298995
545659
135815
355436
690473
596763
647514
411886
153154
309432
639329
239351
331777
559481
896016
396028
673023
673035
993806
920590
718960
425611
974251
557601
457210
913765
456296
575247
379455
808093
675548
456055
131401
901363
674265
718898
894054
139015
465664
707317
496305
674922
733827
354198
715772
524144
983308
921545
133152
359171
584093
824476
374249
772752
503129
833161
186310
225873
709619
409541
210719
462174
796899
729565
484560
681361
456805
321722
797339
293884
724779
827791
432357
760426
937057
410151
599848
582825
367915
530490
888486
102578
506061
990054
926643
335274
801007
375261
206523
708812
358605
230920
932609
314913
303128
670355
227951
816637
767315
690785
565510
672903
151238
588918
408734
735162
249673
854192
534868
953932
984830
216381
804444
825271
153636
710976
463601
693217
382480
175915
315931
987400
156744
536422
334514
835066
602236
108068
269654
222103
541546
940688
483383
763203
280295
647266
271007
962745
975767
151082
994398
793343
516894
907335
225728
232422
787785
384694
884324
405725
316874
475237
671922
205887
769608
237880
440212
956426
653569
269564
960321
354728
775689
834716
371217
401126
266642
555989
587713
324758
344963
221658
460570
429999
397539
459433
194387
430167
219011
831846
604609
997422
817447
918158
671827
228939
448960
803197
423754
647962
493349
278369
765821
364380
329856
651350
556993
884350
756456
402024
495572
143475
525930
806716
167254
943020
764338
722962
736972
564298
588141
970490
372412
852288
283112
507341
165026
737095
647901
998339
247449
372804
227884
780705
645141
705822
500643
689781
275533
217422
328666
448088
158225
400931
194498
554249
719603
712388
382850
906607
367873
397120
179468
149108
116945
186768
446912
287401
609140
233095
884852
660408
649173
695462
178232
643849
579713
769945
365298
595912
351965
902933
497724
768294
931604
334350
673031
748130
930043
845459
232604
495432
768892
859328
298301
271843
623249
139426
838749
372537
875819
595498
883935
131449
227784
809946
147653
305679
150272
242377
957039
164329
883647
202241
450031
922636
787175
691117
832144
299886
275552
692814
543636
532400
345011
133143
903085
935079
806736
993992
516724
380643
849392
129154
725192
152873
375952
911020
511756
608801
744380
931184
615744
869645
551327
251551
312649
997452
938558
294031
519338
372636
583559
949805
807866
803738
537038
382810
656032
830824
511642
166851
513676
707638
127678
607788
589437
480138
969346
108281
809196
278384
792286
348360
178355
405708
298466
272832
854921
399703
467921
835034
930601
518139
905048
407416
175344
967443
336022
558497
310299
788004
464447
804390
246371
142337
794691
911434
713147
295469
979066
509503
754379
159844
627469
893485
969328
598296
945110
240295
932452
831524
651215
242220
493231
752267
933507
199558
841804
662130
543500
403408
645983
310430
518061
789875
702500
440702
324748
843868
141578
648887
257556
736580
898459
754705
451583
941643
840222
767531
138549
461223
820027
934522
788659
908547
472984
414185
847882
672052
601654
193450
525965
283599
281803
111556
631915
361452
294942
104535
867825
754259
956901
966437
416362
842232
319014
389399
656029
706956
681674
463508
587655
469012
350878
430303
756847
981504
180731
349632
852893
294728
446216
847326
570261
894116
661638
221993
252902
687684
259377
371485
878243
960960
877805
459839
336593
227981
323477
873213
336509
604147
939094
186787
253932
356293
317185
663405
559157
582818
171113
251442
313586
181904
741566
696163
268556
723054
669292
775659
440137
561810
710363
621978
347248
714951
810596
584712
146372
639941
919644
173989
898713
724226
270084
119017
710630
840077
337594
600755
399735
579858
710566
485170
294466
843635
137964
325871
566029
918555
471276
934772
603568
253934
490706
191458
430455
339593
503149
377170
961829
565320
418725
894208
263249
119969
945399
660772
471785
417759
900147
634076
386513
529606
660555
986444
224300
565367
644667
448209
503865
444550
772562
945706
790692
813059
750182
341443
250680
406794
261983
614844
547613
141719
595886
702317
949342
118773
309714
637499
424897
971850
800546
428816
620738
906482
516492
212309
510160
882796
567500
816283
866446
753837
892881
340960
695921
328487
670662
190932
664240
711669
460483
158045
298913
524467
987823
514918
196351
932480
213241
172165
293695
489366
185367
371134
743786
822144
125836
827821
491366
203592
235118
790761
577650
563647
117462
420596
273925
625171
483057
575310
527835
619506
683828
998047
670711
686020
710035
983559
407979
109091
708508
371128
780243
715291
650051
875431
662124
123121
154361
698761
122153
872360
297662
167133
847284
574062
466156
491229
868348
508613
841248
144650
255814
527530
149876
588271
139108
832461
783437
832280
480847
271030
365668
276498
231130
138204
441158
217597
323456
783796
915798
270148
389308
241990
930082
505900
928807
902409
736825
652390
383983
150167
789118
576679
999670
399563
545545
886886
614816
125421
728408
385873
436327
933290
678538
155981
527455
347692
674027
766297
154000
814933
770751
611877
284595
615661
626566
578981
779598
843948
638490
935036
613743
245382
105126
136502
191540
483747
508003
680675
803661
282567
297702
389861
222802
101972
472522
312272
831687
409468
777588
487000
502567
402654
807695
831253
323178
340262
120009
460979
920674
763287
641135
909365
308513
639394
724019
789722
169344
280620
306364
890968
469998
670631
184698
658225
646857
810368
372531
113904
881223
213793
438119
128469
367289
427260
999082
244946
994003
488809
527748
648147
853334
344590
711343
520587
257329
619126
651916
330470
934239
375165
292751
584337
367985
253433
859379
516912
870082
512376
636177
747082
162196
901713
708242
745977
505056
244231
762131
211528
268693
338143
938517
890877
417791
398239
587945
807528
733700
735890
544913
287737
689989
325763
733589
399670
606509
955453
696820
502198
370825
271966
815668
433479
714494
834639
157633
169370
432093
433907
430905
982095
832189
139657
916609
819482
445397
757953
569432
921266
729114
954187
773844
928449
390225
529471
165543
732591
666013
573849
615374
997079
694644
371707
684082
741932
737192
277151
748592
481143
287619
833038
300956
368921
375793
964847
395373
953325
464415
484681
966417
714090
314925
683500
748727
410799
229630
513074
689503
968767
524614
672736
215300
571815
119115
711444
411742
711851
752288
336038
546979
603050
365260
291976
550038
225828
240892
233400
338507
678443
707472
943103
579263
719963
669843
417750
794102
560479
114686
892878
891817
197092
933077
116631
151393
439436
347565
904360
644306
515554
362359
173573
508928
503755
417372
312101
942788
602734
444913
310122
423786
850119
200877
576183
597727
835845
789749
727216
394978
479546
249248
112427
420612
819274
890996
492033
904005
879125
279278
992649
459827
230403
741950
260298
297166
466373
308596
736351
435199
137867
753248
228960
393749
503789
576922
220985
726132
882072
275417
400152
492005
308549
334319
710053
754214
251177
390482
171104
721453
630587
109512
724461
208680
451324
225295
754627
311213
559513
548003
133082
777716
757166
130198
664654
368836
833509
746105
373406
795645
763700
764884
662721
822553
767474
174565
371621
733686
389549
712585
395914
991101
851196
574073
614583
116330
361586
117734
490765
889248
984318
988984
625036
917248
704950
257223
574369
436459
472257
690732
160347
910838
373043
308260
370941
124313
777101
765531
336398
220690
131344
909577
301285
923129
529851
463059
430165
442334
326116
150221
104246
568377
797944
572419
303508
109052
100429
880696
494969
540386
298499
412329
480425
173243
496378
609269
997128
923355
317719
389970
141661
380073
565954
980869
708138
256073
129732
111313
442896
325386
266241
642566
832871
360277
767787
360617
402557
332023
971388
454651
725193
431927
858297
807350
379770
214782
185619
535355
254387
943216
838666
685126
581604
290790
905904
668665
335592
593307
488039
877334
408266
270797
393261
415383
846890
716067
842149
685078
168712
860226
922718
584883
696281
140041
133115
756202
666514
384917
183123
966217
201040
144307
603462
488943
668889
985456
112612
327642
299276
824991
724968
490846
961168
242097
617637
932916
241889
710998
232499
838158
543258
764758
515040
103869
189427
813939
591815
552426
423619
786905
202179
752173
265678
511334
245181
341252
606362
234590
839862
413855
398761
850795
539539
764380
411806
210553
391760
563583
259926
462688
571737
576733
430900
182328
258470
856097
881390
418781
149813
149350
286361
258366
749848
198341
645003
162891
704013
556995
334463
970539
346681
531868
180165
746061
113310
471362
842753
480543
206318
773870
830025
109599
785148
318837
413116
970173
275377
320108
269088
486350
890242
622835
102263
483822
938352
461637
864364
896951
160347
634176
455425
486703
753746
326530
444931
152965
987535
627384
382063
236549
122938
523564
520236
757282
873011
122812
152114
399939
908773
122301
312249
570470
266700
875887
232726
745049
854896
103831
183991
481654
111430
891372
753136
775831
416939
562564
226759
391291
834609
335152
675494
934396
723407
686127
339280
596366
747471
809592
834516
778085
469903
766284
778581
737803
951868
497165
527067
819659
921927
882735
286193
270339
443017
616116
188205
931500
605592
494884
886646
348205
813934
554289
216094
925649
856924
838412
839718
301300
168991
486401
270075
452742
930494
393029
210618
166874
166130
995876
526702
639528
590261
443641
140807
554534
790411
424526
412765
642715
845594
631264
309188
985121
375439
272713
996490
295451
230961
606496
130093
784637
114569
733230
455384
750586
633375
467894
379406
612604
194309
655857
908243
971876
828404
254533
293803
525700
183396
489525
575023
995896
494639
297881
417341
727924
216147
482425
679068
417742
620193
736009
103191
730514
716057
245654
139386
161985
236424
975595
495130
898981
312136
562575
177105
848978
430053
840876
981837
189503
806128
714673
431744
266725
286238
541704
503406
753052
392307
645727
841074
977695
980096
316510
340863
874915
839963
267156
298694
171150
554077
242776
740668
664158
714466
781590
429682
296451
689465
860472
318605
474699
844994
103348
661200
822601
222357
400671
342247
808465
915654
905613
189590
331892
670705
831697
693989
936660
859759
427077
303993
868156
397581
332213
565960
558025
405305
644291
409989
922104
648270
628485
713718
936121
438373
773427
847052
176631
894954
511845
447701
841983
767693
531862
275600
631215
331497
436951
528779
809913
299323
321046
576227
120807
799720
938726
398912
726533
324988
565414
237748
814285
357576
519552
897731
407750
646035
493825
307806
987021
999965
335670
392524
893023
397534
264049
589345
276467
544100
921840
742844
372408
176609
169299
194915
191942
567302
723494
573411
802449
827304
507472
521630
189270
966350
140528
669287
838020
804978
172698
818864
542891
863542
311104
199500
396627
973952
201699
921129
282677
789267
260945
178239
255715
342515
816788
107972
195738
546160
704563
552307
667388
432567
672821
112802
854699
107346
725271
614312
937447
221210
790039
365071
204997
523288
135213
344587
608558
285984
992081
962950
300404
145840
252417
836683
221735
587412
700290
677958
402234
472134
828097
941682
874175
544143
959810
185518
539283
419430
986651
456444
877971
561426
360461
109313
713671
820420
740114
414897
494933
794268
627224
977157
796298
119000
981944
296030
703043
714847
393295
351294
667463
546280
540316
402058
879545
552893
339477
893023
327009
140028
607109
160592
203922
433194
741314
591719
942726
720453
664745
532190
788011
134412
732496
261208
898044
619265
578502
285057
146815
487775
811370
312665
361655
664713
826364
722980
792760
211681
917432
777367
801321
236683
272916
795367
137228
242960
369831
967575
989097
234955
994433
310669
129551
708156
811096
426803
142376
378576
308954
280757
159042
621150
275797
544922
969078
180782
838641
590114
299434
519555
358999
790664
299574
432881
301403
756105
860092
891482
751151
307275
555208
905671
897163
510923
350222
277990
485606
796021
145513
684536
289234
790675
556556
724909
677279
259538
927204
260457
983318
151366
789709
460712
266911
121194
956278
702327
912770
308429
865369
480218
708085
274207
762369
315744
390393
535437
912380
876372
464014
778175
655637
783141
855939
718907
418973
554231
792246
383286
724197
153538
763956
102329
867804
100920
625042
476294
967028
515346
542744
213687
410193
952681
403140
774041
148726
278044
534293
888268
525797
436387
345067
618391
193827
974232
805521
648286
198075
936176
106727
461977
769456
163563
497353
754511
212871
177080
836948
430590
885442
656604
336701
300714
701414
104126
698575
361691
634384
239359
407209
482845
720651
581091
397351
454170
590999
331461
981286
936389
569166
707990
840397
153646
868480
731713
904147
324083
774633
831887
397211
602247
725479
132364
204456
636181
332197
683786
711679
219841
909355
289827
675971
168611
500583
261146
338107
501325
266470
615963
789326
147648
160782
538582
299811
526893
635541
375604
107880
964539
325761
610928
952458
669686
822125
393891
296780
918118
534997
294049
614880
597605
702027
250195
279451
975771
960096
599150
134547
363512
579686
556302
804382
217258
933993
794461
265067
229228
446203
919136
272258
123015
990892
244613
462429
517585
775460
737405
294858
625754
661213
961380
848665
345434
632790
307493
335286
983141
509448
485648
129088
107189
992963
466963
397753
403938
904748
985575
819340
723658
551007
335090
620025
201151
214403
784380
794198
957855
943723
733700
786784
668158
253126
988154
534121
474700
639551
430308
425512
816259
556185
689600
234007
989666
582821
705929
572200
900292
886600
987153
149859
238501
309716
768421
858503
281728
615608
372185
598230
798617
402400
693078
648218
490248
325630
460353
355655
810911
368316
716466
499850
340253
122202
551180
962392
614974
348819
566399
621423
728911
784788
152937
852702
772205
880925
523234
134440
443678
212245
590474
186596
276120
216741
224372
634774
976697
905999
726511
694079
141217
281351
603157
175660
392247
198472
450471
274447
465249
150519
857674
445466
409716
464189
285740
253526
702691
839059
841048
435939
519326
658607
293383
102980
255478
350740
163757
305105
939403
964587
382862
376043
251437
655863
317006
363972
349634
734427
945288
251641
653980
141169
963715
431797
384440
694189
117441
664892
705645
328662
852334
712739
152073
346489
860057
524011
432346
969116
708963
833929
729373
912215
648963
743678
945056
906501
838546
809503
941691
918995
550533
267479
357223
504193
589271
880332
881565
406581
845011
613676
674055
367069
173701
243718
687646
630092
561390
389271
547950
771166
552664
172201
354553
140309
348585
839052
658019
234434
135403
499049
246952
481591
645088
833484
219438
629715
322913
104969
904874
808514
911678
296415
452208
736769
401805
193645
566061
147486
102183
165049
539181
674755
446936
811634
660477
458524
381789
259885
530121
730443
629061
914282
827160
461809
110277
256668
182074
434726
508053
535598
242866
874526
896572
856933
495857
338578
976128
822593
301622
419344
379287
252511
329309
838577
870464
610023
425040
662456
937128
494772
159101
444572
304489
218914
872314
726458
256084
484793
842707
900005
423762
735571
113206
184973
801448
237631
320782
586203
140149
698899
966864
480402
886897
816395
699147
314184
768003
751661
130271
563841
845437
809544
550434
326813
132715
194626
905443
581370
884908
619068
242334
139478
397002
394984
294619
493654
342500
779387
833975
563731
145358
473507
102964
595697
816748
494610
795520
448784
136749
485914
817288
130638
390245
865692
363554
135924
280684
554676
575824
718447
670608
664055
984008
330626
904523
759297
134698
322025
974553
997671
914441
274857
168037
477773
706186
839691
868747
175354
248429
239984
308732
636711
395509
425852
506615
444689
293675
624750
486302
412293
142077
115461
873767
277504
261109
651031
770683
394939
714792
593553
281216
907250
288851
542852
335667
522055
365884
764450
602737
502938
808373
636006
494617
939366
830672
613390
392865
821265
806271
339280
265273
988263
343715
624207
833841
738562
186417
236296
261926
280784
415479
365089
912405
203979
333588
790333
487268
886409
856414
128261
724906
407844
954336
425156
836078
742082
253732
776196
712921
566091
260313
903928
881699
511430
183931
325783
994953
332461
578270
414980
291924
180763
306856
911536
462966
777331
341532
498163
391130
143858
279193
564013
336504
785317
142918
812602
143860
251949
406359
813313
126039
406146
289149
494379
220733
506123
530452
921846
570225
523465
676477
544040
140268
210618
433106
333174
599169
827829
862698
699328
552584
145506
477261
396041
831510
541750
981414
864193
622670
997561
566271
132517
188380
293487
579350
211414
724478
198322
616742
657241
687296
985841
500637
857850
621418
758969
385757
937563
796330
352912
400487
847277
332256
106142
399001
183599
750917
235526
605582
734621
952385
144673
514020
912415
576088
811931
428948
392550
947420
252442
167352
623222
874343
162520
917855
995656
877708
663766
145225
886465
490544
620122
359989
688632
331399
781351
728350
244737
733855
813584
281100
712716
765366
895757
145315
765960
378219
792952
879446
124659
327008
797513
814713
994813
738211
775959
701766
220383
517339
237021
177700
317405
805680
486716
501438
974669
205030
231713
898004
702468
410618
842649
574563
663854
866527
738863
994952
695146
111337
294871
820714
863672
716300
210298
745697
697651
371526
732548
948409
614883
956519
411706
132778
225575
791468
815476
778416
688382
888557
729139
316213
411307
317535
874066
502729
536774
570895
476925
518152
811175
745606
841500
760036
382669
440505
532768
113852
469128
919765
306113
322147
369025
244057
529452
652687
403205
499360
916028
187844
862566
538949
341815
950078
245531
727809
169831
405222
959041
972342
183435
390862
513386
547207
972703
944433
466985
152189
601783
148683
492460
981036
633459
980688
533303
299525
681522
480643
356878
949688
232195
892807
912138
794007
692162
121301
984998
655026
256081
941169
810433
113562
614351
203949
851723
278267
433807
716968
471640
396379
793969
583650
634692
518627
292037
662031
639217
229976
309191
412698
766124
176692
188766
294919
369059
179455
856261
517675
725519
421897
772532
921771
500635
121414
317098
708452
972440
529143
997724
689089
487632
283472
824199
905264
601056
161564
511015
134507
282896
147983
615641
532392
635014
338756
604747
676005
928501
606504
350666
449119
468240
154260
968351
321499
909452
830836
249362
663096
882917
873271
961157
139292
881455
432615
458528
140381
190121
747925
898102
355877
907190
131935
325340
261344
762660
210554
780667
918155
134633
100428
925324
283320
953468
154048
461303
530666
140567
227119
563410
100607
870453
339155
580764
602725
927559
377455
247198
549902
308370
294559
867531
614650
322830
573133
374066
968952
118240
270165
278129
312852
602796
829054
825678
576115
373334
980454
331233
109966
118460
164652
296716
152141
772302
280224
406225
618224
537733
638017
141416
758634
880644
687451
428939
578805
811499
732686
871980
444785
539463
818286
235382
944531
726185
780244
290050
716131
918354
711134
515395
701351
590661
662788
538525
491105
956322
132389
121717
855888
663991
838257
315166
514891
778954
478952
160951
888793
865480
814349
621345
681172
410390
788051
400421
251248
509767
972199
824760
909704
994198
273379
250947
964591
375437
149455
293131
425102
383225
587448
929446
943309
841613
304117
884025
619461
227984
851866
680384
435321
157393
459186
462879
454183
682567
371723
976675
586197
619412
190825
284569
983971
346067
472950
106895
119616
597377
985165
703113
553069
364703
207014
617931
213657
666668
925580
906954
859161
646403
475477
202207
266480
487898
151818
629297
539824
550715
802224
150897
427345
493743
186006
585048
602778
326228
228218
218956
980397
918625
403857
273575
929411
109880
907623
666586
539718
188713
838314
471076
144446
822013
551262
796137
156296
316415
219946
375967
920036
195093
617461
162233
602666
351944
713207
737012
241782
655906
892065
322109
248872
279342
751229
924755
238028
964361
670541
309315
856419
492311
855391
509441
818472
360499
737759
600252
660043
802201
290530
391074
567549
995333
544592
212317
422961
512246
140911
132230
175091
993798
774178
808952
394648
640201
111531
390715
306438
319319
725128
633827
946215
423401
548825
514342
469821
179009
655852
159560
974184
132607
148650
490014
331305
183730
761733
623106
257373
178423
539813
910460
255906
457069
229890
290618
570800
464891
363618
313861
464351
488934
165144
856708
118798
457983
583547
446174
440016
756621
642156
190865
169032
683292
599684
169091
736732
934126
492225
277385
701706
518536
615792
423645
674681
608302
983442
149393
783111
542017
603395
318344
148567
351407
396345
907846
769274
605811
952476
974178
511991
591253
712605
792682
710672
209582
641746
963891
749111
875779
612726
782347
367917
818962
681737
818423
450978
462778
211803
341401
894393
297004
940253
552307
340015
986516
772518
390289
858153
541567
922212
623875
644435
238534
569316
136751
888579
575793
223490
914813
628642
450368
371533
217126
127865
182165
151391
790649
971118
468654
866621
216908
999003
135354
276408
754585
935087
285993
179087
306470
638794
852772
242940
671680
778088
835036
101039
793675
889200
613670
110989
365693
826351
611099
464084
782006
504292
489362
281443
349506
895924
268622
969830
325340
659138
288970
681980
585225
783996
527212
551070
872184
478863
449965
177286
802896
505802
578703
683492
665360
752693
463281
383953
138403
389736
486236
310576
939468
499805
189503
787075
245862
734255
849244
861016
957995
973389
276267
239949
901733
956390
567663
382564
693733
119303
708675
223706
664693
242183
786227
341811
843341
970796
903863
467262
266252
983823
293898
170055
139119
487992
419749
425826
669208
898645
671052
138522
501760
447908
746795
913165
858874
395061
113538
355628
638739
939520
131807
279731
635892
672518
674895
414263
131353
479159
794842
525980
515323
664194
869261
500086
203193
401371
230383
622589
873156
798968
909851
872667
870013
651380
705027
449128
909074
953989
661039
459013
128120
943069
840365
283144
402117
314659
302754
656521
344357
661056
778731
991381
542190
566715
537543
644027
253186
602960
344613
503367
426356
724371
654826
456613
748860
490559
889091
945994
194018
183009
130905
761587
718813
223493
419988
223285
681162
120682
972943
110235
862140
943938
363339
229475
856401
831603
421854
194780
855448
161371
686190
404592
274441
411643
368910
742903
508153
494108
405108
421761
192278
973001
186794
664518
605755
829982
709900
203105
331602
727348
850033
298118
912883
986142
470190
209559
278522
609526
796162
547525
240781
973038
705295
133837
532092
947828
108435
951313
170929
213673
244928
793129
390307
566071
286714
351362
226417
878960
781779
494887
938056
706505
265763
289166
137441
189602
497393
617904
683882
227794
733967
615530
396657
285213
314282
267497
451863
987275
788362
958424
392609
561740
611136
648250
299924
326376
485478
815323
236547
977587
668421
605772
855241
969141
933062
330787
170425
789988
302222
627631
181083
590594
196908
961188
246855
697403
714153
647165
419988
128320
897332
548623
441434
618307
218340
291492
719640
135645
769671
389983
588485
371068
737713
637478
101921
535240
481598
437065
513818
219059
646831
614973
345867
567348
329909
494011
446194
893732
430802
223771
354567
405010
314323
687221
304213
329091
892703
542723
529136
365881
663705
491447
866711
708080
260026
182637
522944
110394
179225
253822
371469
406578
518861
863027
355138
975229
248203
369208
632637
967086
534338
314494
756086
563951
808259
382633
717037
783198
675008
185056
757866
220101
357191
336985
984652
278526
450913
502326
260705
311532
794843
787659
594672
814645
146654
150367
630881
387280
162400
206102
392443
420219
772011
315367
575370
688412
382751
293862
305173
964216
358439
720860
785699
190122
931540
389027
486189
286058
680825
567884
137742
130962
377774
480458
981983
342196
872027
403053
605243
841676
558856
268385
636227
830738
556087
971249
148600
206064
118904
105473
718101
659853
875913
190865
301676
772398
205216
635527
344058
591468
357395
196511
901738
244499
865546
201736
472224
557683
712849
594519
357974
330863
264770
236845
500674
170082
327154
321822
350742
356887
602888
471542
765195
896571
589795
532271
791337
967401
368485
564857
454782
308903
292097
755729
771826
948144
312957
728712
884701
667032
816458
626637
667778
631888
257424
997032
698478
514043
866375
776665
705011
468034
396163
488238
180722
136072
500408
938448
305315
897948
210768
163816
185616
437833
850913
801187
617119
690359
875468
384750
736438
688846
932652
148108
185984
862269
207934
463332
132095
502568
747907
863818
684988
498273
452259
575845
570283
420456
467223
257514
329051
479860
491061
489967
946801
691340
590556
368296
272035
598598
352949
520900
565441
358786
372815
699039
730162
645054
691526
883241
230006
492206
233611
503286
675874
407970
476160
402423
900086
141516
577623
847197
179136
829789
412131
787511
169259
560475
372799
124208
743414
565409
668610
897684
923469
796968
943080
900082
863433
438403
245708
587831
783089
874404
100914
361648
680948
626469
121702
584534
808125
731179
288373
171940
270604
650978
610445
932394
422673
473472
143706
700985
640923
365439
208777
738258
532572
791852
767840
631129
775595
816784
887112
304253
803676
821194
662714
195436
991805
555384
975442
482784
753207
702889
838270
707078
545622
169534
120943
681073
554156
645652
261554
874576
989424
922702
157068
362844
477501
954329
245643
175459
899857
162926
705236
891049
314994
325015
366794
921618
911640
843823
227991
490723
447928
121007
139680
144165
302782
130885
385125
631190
784342
407246
914496
875237
356118
131596
120601
828453
328034
858429
964194
418064
393100
426154
397980
511767
435990
988787
428549
750364
170278
320407
911472
697607
381775
252895
598158
826041
176750
450854
334696
473214
790611
242197
764346
715502
211720
686830
871722
501105
296787
964022
328458
178581
942861
496631
333715
701626
816256
814234
894610
700057
346324
232674
521355
931012
960755
268338
985680
824222
358175
280694
149460
169494
166997
884050
742959
636435
718700
792947
806807
662017
219667
554900
697241
476860
507522
840643
680441
407597
795743
320970
309605
266425
365347
961901
957581
666501
509893
468450
979197
991567
197540
621219
479885
575635
577445
667536
170269
798063
327050
534269
675946
537892
173971
107467
810432
111222
170143
752001
718297
658303
972601
178685
524337
652906
612704
826112
303799
907536
702276
261246
433355
575982
755118
312799
690086
499086
133303
367868
726182
847520
558747
504383
347644
277054
617513
833400
379674
893620
445913
126108
493750
754153
501435
111325
294595
531460
868245
943457
797560
878875
102301
138842
179836
494496
480597
710931
550604
957590
848725
694568
852379
781760
446496
581170
218923
369464
156499
807720
619835
671158
405331
443079
832426
648523
997076
684160
254336
897546
504627
251028
671550
145369
395632
637273
380677
862376
115159
479870
367066
381304
204720
980084
216189
135413
459507
732760
645723
746330
411292
569143
477348
347706
666310
588612
190570
708548
990736
552793
620868
479455
460575
490923
742391
937447
336190
165372
118166
882605
420642
487750
361960
251571
231541
516279
964381
402357
513817
369028
741434
518831
467698
715695
506500
550916
245516
470088
724914
241712
619303
960661
753644
532917
849526
707162
444446
545335
145117
157565
415849
507926
841951
887494
253235
726940
333087
709339
869679
520063
779362
179411
840791
823912
724912
745252
580063
416932
134033
267102
229175
127926
952840
108252
296599
812959
378657
849574
238536
845651
339162
616031
208270
733159
534594
488961
787895
923156
289067
571037
651776
478056
454163
567577
834273
513589
808662
660538
741417
496274
954841
273626
332127
655315
111313
747200
550496
698305
501807
520662
828456
384841
477473
428926
415240
311475
159831
728747
108094
923197
377257
314420
198868
830806
616323
564656
211077
251910
202590
303177
829075
189547
260899
787890
490725
266825
862753
301106
260554
595660
319711
687831
160258
173167
294715
948191
218425
160504
414690
236941
556526
440292
580236
307338
443938
218282
345028
783823
286520
692451
841246
752140
903927
261123
514365
670400
632056
515752
494077
946514
522781
524460
529714
553835
103706
655004
150868
293153
347653
378962
564988
667333
170447
650124
276585
442437
106315
485624
247307
615228
410060
954493
111621
339347
928165
488885
242249
763505
830965
605003
913462
329611
795598
478035
336698
557824
905107
620378
338201
311931
675439
120098
591904
504239
743058
344052
974355
773177
919550
708178
102784
972818
533921
517285
143203
731198
545791
642631
756782
494524
297903
863945
819339
672739
795988
131226
192295
268682
871745
696725
523994
271526
685001
977846
462436
106752
685122
609489
617033
560327
884928
926992
740701
406324
564640
666800
628558
229027
748510
408036
116232
875936
273046
838401
257266
504747
689690
957654
344782
871357
581481
623204
926405
331298
281562
935606
882454
561469
598895
707588
981924
893394
225402
992352
428200
760179
902133
508578
149728
419162
262641
477608
839772
955365
847597
657807
506525
857403
316569
938784
287107
372514
999262
889819
831879
268137
141407
230408
550996
128873
247455
608877
179423
795571
820307
771366
102052
566173
493250
596235
595811
778832
796074
349123
390030
653137
340288
176328
420014
916836
287151
610710
229578
574410
709226
875407
552509
767376
817308
827624
800312
134129
786718
228447
847289
796489
380080
272763
114917
270103
503435
415084
726113
268340
220063
500953
737555
936737
386383
390674
174095
843452
483079
877345
929876
836988
465822
899403
373054
919181
752580
983829
801477
780992
312427
846793
350472
902824
748028
473655
495163
321811
911547
142442
891715
542990
399903
597215
325904
277487
481779
153114
196536
221268
702025
615375
322568
878635
589626
862917
995495
733338
649006
958462
223173
613406
744262
957985
649589
141901
388590
831448
651435
972868
744068
450088
463705
496119
764031
778167
708028
110595
674999
698046
692054
546697
419028
625162
443168
951937
318485
139461
636548
843430
907226
242284
129710
388002
773759
145317
465021
855342
748742
963318
908804
436471
905137
125974
584990
219638
169317
146156
723290
145155
652466
259143
610978
414065
390134
308976
839661
542624
404407
380642
352980
988493
684144
980010
367425
264168
361095
918592
920296
838922
487040
658389
847084
126542
390365
894711
260935
225356
161468
876818
553386
154973
507240
927750
489848
917000
377275
793442
280156
407803
108666
684040
166754
209722
108016
794506
670026
943037
468018
405770
514338
867931
365274
107752
602567
536221
303558
825158
988934
288864
173807
816225
838982
109010
124864
764998
840401
324113
365914
799843
430488
352701
540093
521969
121225
897832
411007
438285
600636
899820
495505
688265
130862
753665
794159
597369
994052
655041
337871
304137
713159
638903
860912
418915
348794
329221
166895
722716
196374
906479
975409
133144
904907
389751
358648
158275
495409
417048
970579
332295
828000
900191
555909
554016
318129
736812
157017
490425
853425
127340
991318
356592
220012
197373
250584
302226
938585
679367
961800
726827
754641
254369
631079
817901
539461
660661
678705
799533
531770
997722
609409
325060
216871
984687
885602
486859
621321
499644
810867
828647
851410
694535
404090
283603
301294
974290
158860
121581
202280
391094
928776
959571
566327
488679
730622
232527
669013
116442
316181
305641
476250
610966
170846
597692
691607
501309
262091
403847
812244
810822
738222
369393
341615
625306
512273
894210
407287
855034
926419
476626
848492
403193
151579
706927
493098
800519
473299
682357
350401
920432
225867
377182
803129
758850
311601
116899
774340
927780
835018
324920
564210
750791
354990
310555
767007
268073
158549
533574
857593
563769
988712
397043
621537
748800
636269
336445
144288
842440
599813
511352
547056
157051
261691
775746
214149
718744
225255
695931
216751
437669
661759
495200
540569
865721
962051
625349
175210
436064
832422
761865
193716
137335
698858
457549
973721
350786
447667
287304
638547
693880
192777
366608
778533
712285
403222
717419
400142
613758
643763
412393
155371
459114
107891
278242
617579
313104
375642
879225
549711
782380
878636
434312
405051
964039
971653
719073
128356
532414
378874
312249
393048
185596
348202
874035
873729
969136
392534
702484
985248
131281
904167
878939
609478
473151
190191
201063
417176
765867
429593
578352
230306
257742
743216
709656
890188
972676
583406
149428
914203
852822
410855
950729
783982
366102
101970
130738
948377
122171
649039
247641
792369
677888
786528
740826
977145
841515
733038
258155
596603
746036
794743
985918
556514
824886
309998
978755
590469
466062
650983
815249
332260
431990
103795
440787
464251
280647
820537
410839
941572
122393
825371
595140
265478
557163
715634
958883
681990
411173
660750
103000
481042
471169
278084
916202
315568
532380
278945
981467
781840
284454
958430
674638
890331
183947
218890
831798
399506
822389
290507
637356
995953
150838
190593
647411
316972
274537
968822
392505
588785
888448
634564
656091
313868
736472
533349
514178
953738
722361
122138
707434
505357
914271
559144
672386
218599
911635
310599
591965
749057
170417
516625
844240
502297
540344
995699
681929
655668
750691
829543
589973
849653
897833
237924
715088
728542
181693
694009
227252
541356
480054
476514
274333
680704
552802
322204
901026
842047
220279
776909
827835
938880
760345
614952
652307
409801
917155
296486
455647
422034
903647
411352
521976
964955
194219
302247
391031
477052
623214
408306
534922
230353
768548
114549
361284
199217
988440
110302
361121
177724
521777
531777
526113
794934
704592
968711
959081
634318
301939
287169
735754
594148
291779
948335
193448
611804
753629
383483
850381
521240
594560
628622
635581
759759
881144
611747
309450
356229
387583
489601
740806
630662
934384
561363
985511
480713
110733
812192
820106
129887
132989
949383
473953
230693
229010
791079
806992
563156
802932
215845
545461
313535
652636
556854
930177
521808
851288
533855
695212
947220
683780
159552
141883
174188
365493
117469
295568
810374
684687
971369
658145
851365
126727
127173
891383
564721
596009
967660
739082
907798
332253
899296
672440
460936
574190
812685
984057
629046
419919
871006
296993
820256
385139
273526
842002
588078
149597
944195
951386
678720
149497
983109
182996
557163
830389
500145
743478
819800
367374
416973
423696
900430
356391
964911
133104
438624
791590
647420
214498
925694
863243
664400
797999
197525
263123
256853
153535
400924
166159
532253
708393
583866
690418
650689
912020
815811
422565
417255
349834
340431
981452
740819
709575
828044
143025
232936
729566
164153
439193
874017
735628
981619
756410
437378
105542
378507
487663
281691
115426
681270
512612
701688
636712
787667
272522
557013
179249
689807
959524
282827
478164
623532
971674
836384
976690
999912
950436
594599
875850
578594
285940
137530
473236
800573
709307
688249
707670
508450
612457
832577
833713
438568
998075
543540
948117
837389
402823
698226
619675
997431
441542
457378
141133
209700
829448
571381
986693
764175
492656
662917
889828
764032
161959
654963
929440
487018
650200
222884
660362
107921
723400
573399
119080
191114
108137
956876
489244
630866
958207
725736
782289
465022
767195
390892
954750
142293
555706
361553
400529
452829
539021
907003
849077
711518
169907
659051
926337
760891
638504
514617
230890
283106
989237
944369
748225
601534
663548
437477
478875
467572
751856
157699
467831
217223
360606
194505
676293
517973
386102
521435
934911
664701
858389
109607
365877
856605
415257
261341
728899
852971
212537
445878
975705
985071
778092
721862
212082
196896
563622
325494
418113
727517
426813
206944
786118
956890
329097
467790
433897
570137
256062
625245
162052
567197
962632
396750
393510
345911
634444
118601
768783
663457
671028
208373
650774
271781
589936
133574
485161
671267
926598
164226
613994
259907
508530
191880
568642
824761
621104
760489
225977
481773
757337
903596
610292
288784
919564
154497
575570
919394
467622
680220
832180
962275
633298
551348
206122
819237
157578
756454
792468
373971
718581
359329
860972
607396
804266
299814
185605
611712
801092
289610
494805
687358
327319
679293
514901
244704
908787
131380
619536
802564
351104
514123
949722
165298
597297
269413
907996
631619
679735
993223
313415
841594
472914
358429
421356
616600
482255
140727
456206
287238
853371
914548
157266
874783
450135
339701
421137
683332
890897
646660
691648
215018
834055
495497
825058
873577
601880
901922
923711
850272
331434
696175
584363
332435
722195
858217
484597
652532
266111
539697
613662
126935
501333
570652
752256
588925
739937
573998
947313
733037
251502
452281
800324
355395
377093
241513
660786
426878
915023
710891
439457
616677
777994
329252
404905
865505
602146
380031
134037
173778
349670
344255
312002
439870
459577
655949
970278
750717
423250
865742
669217
958967
435446
453548
679807
543415
169282
153559
860060
539915
158429
767832
361326
330144
448139
778092
472641
745039
431731
929958
419116
850790
350420
703564
567524
579044
834079
376429
955138
543713
745981
164651
658550
243346
643201
848632
595585
480017
499487
646873
418941
977051
856306
861879
176971
499211
423827
513542
155395
666370
247625
436899
375795
961135
828547
866006
943345
140618
245576
924998
296457
391153
229271
521366
480589
364404
656693
565632
590253
840827
627406
980006
437567
368495
763112
934425
659287
703281
349291
185325
208174
227101
144071
436526
975166
263777
257166
960823
768463
801351
446570
943874
440295
855199
797792
627539
535297
773682
591372
318739
442131
624056
366885
735097
714178
644706
234098
826937
825253
667643
313074
977746
527446
735239
766913
210225
137108
544476
845419
637137
239829
848681
792614
453816
419569
712217
629787
988938
406029
124028
648358
998684
323870
180037
524140
462534
844069
495761
127095
800131
243320
928346
776030
869504
286152
258073
962614
103276
356951
113983
655427
668045
857362
978933
649839
611607
529178
820496
149484
818258
198523
838581
409452
980443
873654
737350
363399
218087
974830
123529
316400
320706
505137
214297
103838
264255
555876
906607
585220
812147
449457
555181
120447
535123
812902
582729
678151
907278
606439
715104
582541
162602
946195
172162
326692
107880
180132
946639
116981
848342
462338
323503
440611
303085
202583
996948
530881
739403
179269
362270
214216
750888
968587
486669
614557
473787
553481
463124
593006
204738
610212
153108
351747
582616
906122
231390
803881
637549
916594
976563
731397
106193
795723
124090
409492
547517
200079
407145
497488
250072
877456
572230
991677
777330
363266
890828
674788
220125
160234
191125
122429
451651
145261
992120
202327
352794
741421
713045
481025
615633
814756
958198
636503
913608
515235
425319
489186
185634
165967
152147
849466
164977
664491
825460
223364
985951
384335
391739
874496
295837
775630
844706
246377
224256
638946
920548
753728
178468
371570
247393
104749
230944
323545
815304
147225
917100
915069
341922
526319
223665
357677
704550
409463
666881
625416
688894
578421
925166
421875
807971
269921
986727
440051
695356
946080
311450
119499
986578
702243
779212
885118
487387
215000
119241
234642
706783
194422
308043
195341
290736
386740
238835
910651
323361
508029
410215
732980
507129
347366
332343
748352
347966
370485
882857
250846
616540
577912
166013
340589
331117
439493
764572
926454
491422
945228
738500
372019
366454
184587
373829
711233
871841
785314
553870
728703
119561
254205
645820
110595
323339
886615
813622
668610
988795
235143
751926
151965
772407
136466
858101
593279
484014
245562
495937
230959
132141
970470
812853
648666
309437
871263
589040
144149
518215
715201
615563
926739
599439
134317
841304
310189
661717
477509
740454
557614
823751
777911
529646
269383
306029
120707
307980
856014
681842
213548
251330
744391
598350
479447
917336
576582
846179
426910
722508
731096
784900
515206
783203
692769
257737
415678
187230
574578
483424
642811
882004
525592
608354
951879
512195
587783
674170
420223
787638
558356
272874
308522
367222
183603
638150
178259
343068
367640
647937
204662
591652
119726
190845
867879
803648
746334
839534
814273
870193
877992
571730
473657
336277
948192
825242
672400
908519
806471
128328
261374
813771
176829
142387
714848
351012
832939
776526
173526
167625
260216
682659
569276
815591
152288
325650
167155
613227
983016
150683
944211
927803
703101
496048
461998
689470
909909
131442
300604
266448
222595
253843
808851
989307
658875
522862
294095
406388
912486
492396
336310
121762
625787
258008
200559
702572
360002
481918
433293
303086
882113
971470
232456
888757
669122
240452
769402
204250
411420
710060
657353
134315
213306
654565
538687
809766
735448
566926
831096
435666
309361
588222
602636
771487
992912
919905
769654
806764
313719
484310
389952
520852
135701
979376
362383
917163
221847
111459
748023
593535
111270
441163
689079
462772
677108
839722
453030
850937
146279
464548
806972
184146
254500
427810
822951
363025
479633
276074
939806
102227
621835
972455
129241
679941
798805
587218
427364
684945
789332
749374
530921
464102
118903
132743
458163
771341
456635
786337
965745
392359
481794
874531
577817
478120
103250
351124
576398
119479
934544
266574
232163
697405
431890
281200
578465
757465
657787
218974
882381
843154
949185
249075
179967
768173
519946
755906
906547
656954
339201
395168
654410
251996
907365
212214
144896
262934
530795
806192
456566
675352
919424
461152
659865
782923
943370
977655
842243
730059
743279
597750
483902
548823
973739
914463
736563
918106
152510
500929
568565
222786
867560
635295
396393
287732
189658
369472
941160
264230
208173
604376
491395
938351
205637
566289
635028
228837
674743
135623
523521
860717
994124
804793
633250
555291
235209
519686
804584
261812
589877
337998
209639
981251
518699
757792
608396
369613
515164
288776
279423
903272
518357
294862
287583
301590
127091
878681
612005
602624
261425
725501
501078
641178
242658
679771
535050
691220
287378
339512
191241
279243
593769
938830
604440
306939
814061
317591
901545
481089
598720
107138
482756
208578
801649
685253
159685
302226
438848
827851
764492
386220
140899
294756
282045
324876
917490
928777
596711
193038
274855
840879
163953
346180
508591
536386
210528
492750
494411
560912
194247
300511
598849
334433
137969
479955
325354
737394
182748
819882
246291
859673
478438
207818
751459
506973
732074
962495
722532
973691
360917
337555
439137
697894
611990
302153
888919
938757
327280
545288
413503
185072
569461
516422
491355
257836
720368
883294
870682
654816
867163
155673
642627
605463
244417
888521
663318
215675
228504
823058
354150
235421
544515
780952
750075
385585
227425
897531
338282
128677
234123
864501
393587
318476
209111
709879
714291
518107
426110
651799
633151
366039
696786
477237
106960
350590
952012
596717
597698
985596
271215
782915
980707
928525
928802
163710
971037
334777
247994
822968
409814
786584
438498
472471
354808
566644
885330
842833
976646
494640
790771
769905
693572
228857
896776
562473
801610
942661
609546
219369
764922
440430
330272
127861
303156
460291
141549
434290
566404
887839
122570
918415
255573
312385
657420
807457
104751
650253
569759
625729
475903
226224
610487
498225
323944
328676
168017
267585
713355
182964
500622
817851
493255
981554
901383
151846
278176
431113
253444
641758
823287
341521
591573
942054
176297
883127
588947
886977
825837
484215
353538
338006
372228
178321
598451
987937
516940
180081
197927
151191
617628
317243
781040
920699
725483
793362
573704
577135
624690
308701
651154
299876
733890
582406
396665
340390
948621
893023
980601
589150
828514
396870
328137
449730
339815
534638
910598
389909
905111
250576
683296
717913
990425
825339
173022
854907
625117
633465
645971
560319
923259
874604
951171
164865
717379
726353
529554
381044
239705
587501
773363
367399
601336
658723
894719
942205
610721
129637
913891
208851
331777
627033
761542
543495
839578
402356
295190
126533
802888
431334
228878
503124
680080
439083
894288
803322
241598
639640
440856
959861
263471
683443
355855
335388
156178
602632
536896
407807
619743
237742
702159
444524
800212
931231
288210
599147
571338
913787
636620
250629
337010
379983
492841
275898
885739
507263
990544
650403
500477
726210
823879
618424
977213
959227
724379
140824
256485
804529
325079
162795
257139
180286
259764
885098
436738
876546
350728
617397
202106
193591
802534
922109
892240
449799
828158
533859
538759
146055
631943
325700
659761
319650
498750
431001
734303
167263
930900
796609
820242
858017
225457
745712
546353
610043
207062
541255
589044
431925
718818
759798
711384
154628
333448
425219
809054
539490
388415
283571
908969
391002
984669
564919
892819
298400
517661
674617
953634
292387
987576
296271
861473
332257
632238
335109
281772
596193
236779
778611
436207
721029
361449
398959
967010
843362
437132
604511
408791
223219
383034
769856
578017
522119
340292
715411
700985
207994
217310
326862
960555
345015
896375
766568
164321
741262
385426
362381
308654
534035
386937
430695
853524
394867
578967
908588
399075
856907
402710
249126
201217
708116
651998
726894
150660
318788
176824
908107
797817
421489
769974
455296
923371
363498
808007
575804
501931
489437
364235
549026
666159
336573
513435
669077
488298
449197
715999
669121
332428
566800
855017
964133
647877
321174
177231
985195
122444
176815
511221
348792
303014
163024
992529
190168
590862
845521
171090
227074
582702
488711
370458
865885
539167
836111
857112
724010
571554
173811
467516
760355
357083
225717
267971
438071
803909
213580
587494
226842
406688
776844
731681
749887
795076
922971
875346
703278
961784
457328
893774
513291
999352
635500
550081
792020
416847
942072
793869
501705
442720
912590
433845
521633
223234
616689
414003
898893
424371
380761
319821
239031
802343
948869
949510
758405
863670
586061
929022
894968
623724
399573
776746
372036
103551
785881
762610
139383
270727
546692
520435
734076
855798
524560
859812
289355
860023
911230
638239
365364
324959
978633
401860
420658
621936
607062
684394
417226
680028
691932
938817
169607
474332
958761
706922
960546
196091
964723
694301
784598
518870
644015
546734
276873
841863
676503
215598
671608
989310
273686
548091
385113
977833
751730
401074
788795
112545
656267
111226
830592
937595
960847
674998
694619
607777
819201
727281
191707
895488
178142
446578
351344
809929
409299
163761
847734
505920
880776
645381
839353
689531
836494
793616
204612
166159
586692
722656
942581
545879
209272
786324
326992
249549
245233
269857
328159
963037
512875
914315
124994
103087
412450
759944
856369
258600
194881
732191
694732
751889
488146
987023
875002
554582
797171
375866
543031
654578
360778
180381
766817
900558
272141
596800
109050
225799
619108
697692
323640
945495
881355
684004
768146
385029
898653
367249
732172
567842
940987
394239
565267
612106
378894
211011
437171
178758
508701
118297
312625
180217
168542
506581
855814
595661
923900
573971
662685
689143
965075
784578
173276
572934
217605
843076
389794
133283
271296
942798
115129
518395
607805
813050
920656
758979
291266
183752
373954
982213
411292
636146
890816
690924
552238
965160
299373
440312
225119
498863
506166
568123
721581
546772
249095
556535
586910
898252
788643
370330
395283
757787
560766
509077
964733
157236
685645
354190
687717
545445
735162
239980
363412
771515
834988
126996
635931
459584
733291
263602
530408
228118
331397
474726
768083
327725
567151
472058
423805
251985
760013
118357
900340
816933
960048
361603
884104
189122
709266
563904
141629
161699
567330
878726
875917
825274
138423
753421
551015
284421
800120
827428
163236
161040
352442
137321
347295
978794
736539
931029
722499
391158
703501
951200
358377
560766
921062
133341
461747
103582
810043
692886
311537
377089
336225
191531
269497
792181
897122
633042
829175
457228
298270
880287
220603
114095
263506
807654
163039
467327
396087
136323
809053
294481
451760
377820
469129
578739
552106
899665
242776
239672
758949
759827
211949
693532
836893
873595
495706
423145
806135
870953
318423
528652
948511
228583
827104
821308
252368
267342
874506
152702
721583
664909
969989
217032
290962
519876
635985
313554
606440
457581
216082
203456
614621
424970
909311
101233
836149
457986
736105
816824
166580
112975
852290
297219
305621
141853
918916
775031
251710
347495
375018
610721
654729
541173
262378
502425
636310
880581
152284
946207
887135
781620
536647
129694
969587
174427
487708
545642
236806
799773
903033
188750
918148
595558
942364
246117
897407
388923
659610
335318
819191
433583
736945
793335
458085
165915
678646
449119
666265
969552
252233
642920
964134
510291
129677
818354
570525
117581
784065
330157
145274
633227
191734
615631
472144
764474
968682
353388
543423
857833
711153
451799
982469
559005
363604
557761
982665
712964
699523
379489
174742
974685
174121
979512
948001
202372
942468
740570
293864
329132
910115
671729
696664
307182
112720
100028
472526
343382
788326
406253
621475
753126
282721
270461
695691
691542
451094
403242
962248
549886
444687
553775
851861
710870
918930
453725
803994
866360
329798
808662
787989
487507
808908
148130
785335
968423
254618
683060
725722
332899
641132
457704
765240
899248
843981
311693
714055
603610
404092
356276
698589
702105
884196
404325
951365
416907
207152
466587
830509
434633
192907
821347
719235
369836
532021
636834
557120
191135
613471
293800
181627
710938
269948
364282
735118
102185
208104
603366
586430
810549
662710
136501
854942
669801
719907
616728
772696
776202
664699
349964
362352
472215
583345
110777
328439
784450
836048
891949
232013
837380
124600
517413
708270
560146
606778
538485
907134
143425
493305
609327
657427
505904
785194
201964
831555
369456
564306
395203
668883
339568
812423
266814
727415
242124
246853
882589
149978
197375
288345
240521
243661
970314
823506
863954
301148
394316
313700
785651
265496
460904
972442
304353
145511
353042
895981
653642
878415
285843
697285
607898
727244
102664
539458
934318
657726
608867
234755
685273
313967
677078
374678
150030
599624
903553
189671
984382
536077
565066
654199
113020
633110
131926
398201
345368
170942
977937
217602
230204
310365
749242
218014
148524
609091
179644
641807
624465
613253
214245
588544
253640
470433
203128
298309
596142
538751
841671
278701
655960
347906
456794
440032
158546
716702
878085
914898
488241
437980
752142
248920
642748
432668
662779
685711
725289
543747
826192
406724
511152
959870
150649
579286
263929
656495
420212
462106
481346
551518
946154
210973
202561
381034
900770
231241
394813
701209
733187
188907
491668
734121
512563
513845
698558
442671
202199
941958
294270
322777
974938
752406
773633
630457
999980
610407
653017
720397
146625
533937
678723
250406
135057
581673
137886
152577
535833
542367
536964
844928
178017
697022
761737
529305
777439
763363
402357
435171
129025
758484
249185
516138
958444
282059
371672
386065
979356
448645
934084
294889
875855
826999
876854
420431
319038
799551
414764
849080
990813
913898
703389
254433
207103
168807
963872
760819
752583
820449
451247
475750
455447
174449
819740
725547
890459
740436
740634
413317
134047
671459
734070
841789
672053
797984
303612
987208
930388
236011
202197
927593
499973
385387
141969
869105
194520
885356
211284
910821
139730
810530
126049
984434
527094
326524
756966
322705
837458
714743
524150
421565
431828
821209
486589
310987
704611
245145
337533
192263
500469
878868
376293
872643
179242
332372
532904
697873
107622
917992
690755
793955
394476
508704
322352
485024
158395
703468
960728
464741
622214
128629
945299
865551
220336
185034
819234
957677
903108
923121
396201
678278
601704
333656
852443
534324
365901
813384
953897
184077
381466
567305
580612
179192
832466
513600
212707
457091
664718
453693
469710
707973
916781
825707
479427
933746
420325
378877
124577
881580
164488
244651
761491
350976
437826
733142
247818
941518
125182
975788
613665
448581
216221
116069
465805
717838
134327
257989
688754
690586
515594
494897
981031
207824
613861
880139
307549
108604
361682
131038
763933
803500
745779
896170
971740
974716
594523
587690
156086
222049
493832
705101
102460
264088
698755
926202
364652
639103
822503
861211
994001
265562
301399
556325
437023
624104
645418
505506
920314
132968
975319
384369
205374
633248
696077
142966
637539
980029
454526
526636
452360
688341
657114
951621
159875
710067
664528
903065
347847
188525
172252
131509
873502
759027
416022
475102
336444
779234
789963
495068
589055
169651
915143
279046
586111
425984
395389
573945
216866
910347
921694
158485
817346
130278
927351
950313
733346
302565
979412
703055
691584
673056
451067
718498
170839
311879
710196
834943
998337
473458
457468
156282
987117
973327
438777
295499
458195
203061
388066
550988
194706
504693
316279
954090
922377
520611
276345
282296
182057
666080
911154
850717
661934
664225
854592
263050
932093
887872
829089
838492
792983
397827
174154
544225
699420
464625
681411
169622
952501
242239
202249
625156
524067
856221
225733
260556
622824
746549
596614
586953
486967
161867
190487
182783
784656
404274
990172
504481
872024
652603
159188
763034
996422
280239
489042
252899
966380
807721
522390
865677
162859
528025
425827
137293
315088
617289
404185
593467
255598
133293
362070
971776
510541
425527
891587
251997
650803
397642
377239
843832
239908
714710
658901
743803
353160
498886
732558
177795
888276
176533
144547
812698
270412
631621
702090
550053
545630
200144
267665
377311
560996
372549
599030
856771
264118
310648
464613
445312
578771
760751
961246
597767
767690
801598
420646
649037
780751
820062
413486
832030
605555
