317934
256003
387066
905591
580273
446340
445349
449467
238491
492017
807775
682941
788717
152754
842230
305060
501158
858763
424181
639210
292547
274920
437841
299864
913187
510598
206667
441231
543683
448426
497414
741474
785778
991548
227404
679738
131431
582914
657466
469371
424451
294169
206561
743716
872106
394311
436254
561080
429559
206171
851047
442515
570256
155783
607927
551770
471813
787907
201951
403983
554609
783564
775772
225609
307865
113121
106952
462808
717642
273802
324804
163542
636132
787150
705871
842466
861391
937258
639141
582081
893321
582746
821959
574809
576672
997251
241163
793554
438151
818418
622841
934487
325706
150718
754376
508251
385118
224631
209391
933110
783912
973160
585377
206947
465503
763260
132684
960997
881239
379591
818522
286779
891734
411067
571800
847090
598255
328597
435995
934435
331079
938240
591257
990057
680365
790407
726293
810810
526608
885757
252982
512079
673080
534311
595875
756749
352135
660756
657720
412429
844007
759026
894892
611549
601451
343763
585107
411201
843363
709796
427572
450351
106303
506423
929766
506481
387681
432852
992953
193558
208274
526026
995686
961391
435226
682891
537371
788841
872992
303588
914333
567229
527460
131957
920978
851532
262727
857752
751011
913264
917394
611270
325457
459067
540785
541018
554464
768555
534609
105013
379152
104437
183360
121963
269596
331396
362654
955148
874324
295030
150534
246909
555478
702603
765667
653491
932628
694302
779096
227618
668891
341431
672928
479785
349968
678280
806800
521301
845727
314646
588337
618777
442687
447872
783520
316967
978706
488498
451131
676008
325246
578719
544308
563705
627549
120626
682963
514826
385318
720673
341295
302137
961686
610576
686034
671674
463920
975638
157673
736443
725024
777925
451981
964416
861072
371667
390240
915379
885001
420213
633879
188660
630621
946552
913192
549551
512719
195117
436343
532001
546367
857744
881092
760001
758682
846818
471449
492355
574020
583980
405223
786109
235153
648877
754326
614570
641368
720073
392170
391581
117510
479386
566026
217934
516704
241984
951460
800178
406425
369049
755200
871989
928400
539991
532952
540961
757663
836939
815049
162790
633499
724132
949685
762521
933330
423162
297731
860936
431051
902825
786318
808281
203619
748532
849762
660129
344334
639196
238271
498515
854629
866040
458096
740344
294695
550407
311993
286462
863813
556579
889688
243922
338572
115184
428962
289612
467057
811611
832153
515744
714915
786502
418529
899341
731575
434796
735954
142880
230751
262619
844598
640974
413285
811405
172169
980798
135234
616050
693025
899260
408445
729540
259989
785257
733621
426001
740776
569987
849538
243843
403833
860658
553564
856626
481491
457700
515594
194933
802767
143608
798251
311262
907331
700231
410264
568298
255900
727651
989150
307847
771787
141390
526878
598632
630912
389856
840276
568140
821536
345872
223171
496429
141930
876124
508100
511126
695685
797211
377063
161285
169435
672263
287521
465749
867212
215992
190710
345913
869581
242895
807056
218134
416059
911034
563914
793198
161926
440113
752577
147782
887714
143393
659774
225405
934348
551197
181187
934994
169143
238110
137042
658889
374124
799276
804473
633917
338658
622522
701576
635069
988367
325290
239748
421564
796042
610657
721582
144275
857049
511285
756866
983864
327459
586562
970117
906664
504548
143067
913259
710366
389435
278833
640011
813998
252855
753294
173388
928993
913681
970313
661021
796461
575727
517036
183307
757199
449547
339155
663751
846594
673042
477894
267936
243134
541961
550598
635858
742075
576857
811473
683691
624068
714453
836693
898159
947141
300973
598074
529658
886536
529531
592526
960611
619885
108361
289986
762169
605601
441715
316061
621508
667011
450809
789116
626818
512358
277245
155836
240448
872453
945144
870919
193795
394743
736166
647930
608606
757020
717066
807882
170751
868041
760105
488993
125361
380901
155797
754556
967163
687171
754272
413719
627770
665305
125083
680583
407178
903086
645057
608054
916453
500415
382512
910456
418748
713392
959385
673785
480192
522418
671418
798478
575365
557537
122751
428744
270782
773780
792131
273532
589332
559806
406692
636766
216951
317724
914864
465939
217533
485151
865589
539002
809132
484001
343895
802153
563783
182293
723723
157204
325677
202000
876260
993747
687227
561460
635853
445572
954852
251964
525804
369303
945607
982825
744130
575700
138957
202456
176322
347431
747474
956272
769141
645610
243864
155457
782941
390287
124715
860541
537539
747433
363293
636589
307304
225520
595757
228287
548651
451829
437104
917062
421913
373584
827535
607114
547332
323404
414754
435216
391902
285458
812626
975169
591238
717679
505909
247140
674081
366580
408499
212822
980117
951773
191862
679081
290032
477900
210200
117090
926628
186037
442844
733574
619626
709632
798122
629303
883389
972545
532717
453482
121561
524175
118188
916944
417741
519739
854670
633436
434636
503288
835597
862922
157821
555625
303087
351695
812768
672033
715700
819395
194408
681308
718689
279181
205489
790369
563833
138405
400652
461888
586863
506839
447713
919194
610305
931336
963261
514068
368740
101161
713152
191059
488510
831122
100734
596877
152197
503128
811660
157074
991793
441700
295732
225607
658460
557580
448994
594291
636808
331032
450030
589116
813353
443986
759913
755298
502984
331017
483061
914466
966496
900101
297525
119477
493542
332305
408598
598369
907921
964631
938656
197267
769860
236674
401069
708039
320279
522281
285443
847045
761748
716881
715893
733491
331394
481240
434626
809643
416466
724114
691389
799687
611131
519103
121220
843562
112975
331058
993139
836698
106891
347873
389521
907786
513253
986286
512162
252684
292374
568840
741210
259045
949030
695902
930594
991471
628908
123899
445348
562862
669754
809003
379528
113327
678965
959825
938990
894505
538236
158158
376500
778208
619945
498275
406212
630916
493519
811775
265283
118930
514693
302124
748232
844077
953153
541000
527698
914755
606174
359722
560071
979835
780973
339906
393820
890965
156764
301915
576928
527662
253251
285517
874303
848627
557488
757768
210585
551793
601190
991370
280958
458815
288512
817231
197648
188262
162610
975532
624153
429129
627974
216409
226334
469296
337974
845013
179158
458870
614925
197412
259320
397100
106427
676022
487872
120386
727401
718857
497616
574263
277802
366292
597630
819602
397695
518443
788566
391460
836710
281691
997085
385359
146034
519612
196635
995052
630833
467338
928796
423214
576512
406387
861003
524054
444119
781214
842264
983075
848324
764380
412268
971426
333639
146341
103375
460812
460150
693311
375819
685747
816843
190025
986096
917685
287438
967167
366821
696932
475184
914744
829058
909801
855993
301666
882898
972158
604051
147651
549134
937057
715194
445582
646715
857953
925855
872622
592237
418231
272071
442116
255815
664396
838649
613106
455511
902502
501023
802004
874997
943352
883705
834936
706177
440845
727112
821754
447336
607959
503358
777026
163901
868516
268444
372402
349151
403053
141576
673720
938133
825456
137312
171602
393358
927770
473335
922893
534698
220234
669503
371312
736393
582126
393564
702813
869734
868762
937737
707687
484562
491929
701557
452061
253812
138607
824745
986050
894323
108228
880153
828255
392930
438060
705198
646852
359936
751505
405078
481190
368782
713851
681415
650860
971730
403928
648344
837115
711641
859778
420314
958080
608996
875311
197762
665611
271445
105695
625872
735026
559230
563241
197777
233290
351069
400732
183833
415641
909763
471505
255718
473346
750343
807217
653446
641850
822962
666968
250169
116585
586701
157637
803087
362062
378211
821347
550264
429095
359329
647296
542260
160883
763713
320012
950820
193879
801847
281709
612303
513871
162222
548706
300810
363604
833486
326396
787464
584882
732158
785566
649070
385393
906915
892486
279762
450670
711103
605523
461981
300996
903738
448561
143469
557138
275541
809565
700395
451601
268560
362536
230908
536093
397263
238288
575773
622587
286989
333663
662566
339085
946777
851428
200200
169537
772802
827586
309646
537635
874312
884321
852484
147681
328148
583666
729154
441197
292722
309533
290538
894172
484190
842565
801195
627186
349529
173742
268336
569826
124143
188181
640620
631727
178213
100528
460378
709673
697903
943303
552909
945019
219546
235737
858458
544504
695050
888072
662499
238697
175554
875026
735170
503566
300214
159277
190780
750106
727622
718396
297539
869865
118810
854469
703039
724262
217326
667805
964093
971945
672214
312603
139999
475618
689301
933923
466896
946781
900677
603831
854256
333518
711647
351169
438339
372498
830685
753129
709388
814788
730076
292812
903387
742452
861265
707531
676101
162226
321525
202638
846045
688385
132174
676047
777487
652420
884374
262930
984690
650312
923172
571103
913942
762570
658242
315038
420400
849024
388097
400295
959199
894903
654997
575530
305421
729886
358881
122175
883128
654221
613042
410934
447029
311009
958586
360022
666450
546140
362809
608953
631150
183428
112787
120235
368998
990170
133540
969485
567675
764413
727496
857608
161423
686226
604287
482554
256386
742065
902620
721871
606970
389780
518657
587232
114940
903093
878988
143502
366263
587576
110171
338728
445988
404193
262158
553369
991127
680347
346570
982584
400180
844879
828578
564118
359626
738101
989191
850741
578439
204764
219579
171600
722785
643250
137689
208183
658837
308723
160462
717940
407425
458642
840753
639185
949467
392177
878324
201664
980236
264151
628626
938336
477118
513585
660233
694789
990975
757256
870734
297646
899778
364051
403660
367070
910515
834102
524912
681996
301445
490982
888045
349769
262565
468646
612041
460140
848206
914794
184481
653590
838120
302444
535384
196513
583361
144171
536291
759564
355188
351417
693065
907615
184307
301798
997017
257900
605753
799329
820485
537451
141794
339427
608891
396659
488884
717790
262129
210132
356046
923361
335541
327294
198053
450951
339954
813309
273009
927681
328687
583416
426006
871219
394303
473612
282241
983717
152265
506140
784577
140084
199193
284158
128264
800365
127160
578475
840959
877889
536682
125126
165006
761806
256440
977575
115091
982800
537817
569675
428518
708367
459894
432819
363395
946372
590028
803063
113481
540520
683112
308729
147585
577545
662474
319326
176643
723629
892456
765561
897722
526624
402184
778360
677896
473837
136842
690397
405896
449459
722205
201810
326663
405641
894022
885000
248689
502149
272820
551437
577098
998106
449957
377732
722614
580308
163596
677548
697141
118537
378124
835321
966238
643756
354597
582306
472814
213978
517738
482603
448550
951461
489228
127567
861229
643714
576553
706065
541859
921835
349441
611652
193180
621144
704794
478196
421242
810334
108217
351952
105543
685514
563804
550782
303565
148240
264498
410040
250155
534054
914200
552701
172974
103897
166488
815064
683251
146941
710483
442411
549530
801211
405372
236819
388852
514180
248070
173789
436083
182669
348682
841374
244688
925028
810365
328395
748343
353865
445176
537487
719753
272137
555944
858827
806600
649730
399289
227276
898461
894732
179345
986482
497030
519217
825268
159891
610254
554685
262856
542358
624180
200655
272548
872008
176203
389233
563885
859402
217639
154290
607987
488548
799524
539579
130024
166736
975259
106284
299910
950141
283593
942116
183065
296741
373822
309319
877860
733055
927530
609523
424639
726951
473389
516328
635422
885532
406205
802050
341596
957657
752627
635101
945620
845625
414524
872359
100300
466450
300702
257086
458369
890664
850640
798750
979973
681739
700984
306386
776438
455043
849955
220888
938654
401669
506879
215769
997956
728121
152086
872743
899228
876448
871671
126045
646995
730024
818725
746108
988898
444073
917183
848452
957192
240546
960615
783469
309118
344208
117282
854579
904926
998168
857918
178231
857789
966856
683619
663480
302060
805490
458135
705379
500651
844271
624335
227807
455572
538864
247965
428522
122070
963752
300026
187552
923898
513274
595178
960508
559640
360728
271826
322938
252809
960743
656733
685396
214563
147900
176517
330445
899508
584443
476296
693802
224036
711520
594950
102942
883057
654792
946466
944879
736523
294719
248199
808303
614192
398099
540633
700868
127059
236191
599576
678098
280592
688589
390539
879422
335198
819565
945367
898884
981990
696451
449279
492733
286389
124950
547698
211548
734296
512567
311728
352393
442907
152212
376883
443567
350270
164497
384729
769070
225604
794452
929451
750419
504021
482089
170757
905154
563341
145116
160124
923610
274769
889356
710525
141343
743954
777780
915069
927863
618690
530060
623536
613561
619335
106886
654198
222408
991849
966002
721594
975880
377379
968406
183486
626663
593674
210819
762561
698944
794017
556613
855625
853846
357292
449619
359436
558241
502535
373549
807922
176402
454227
521002
970949
750792
869443
800822
704555
116760
444975
695671
586987
392647
886444
952292
251988
564123
512809
128507
907190
229309
634268
668815
183140
413136
683349
586554
621825
415959
358808
222127
802792
233502
270965
318005
602372
831286
992076
373476
424756
993942
619829
926514
936788
365910
791087
428746
898905
881971
153129
473691
997566
167767
124958
489503
645186
523817
462337
810221
584722
443608
694841
264960
273208
342487
413209
678041
181479
977356
634003
876862
615413
404430
839912
560388
202281
553104
390021
281303
737564
539894
706012
991504
693247
829146
830867
977061
565501
292878
327442
667588
826981
776600
214802
267647
276387
953718
501002
197464
307852
550677
462108
588668
348698
748956
468016
133475
704158
320028
709726
821559
287300
154404
710146
763841
683231
207601
713652
805466
533068
440251
114221
272355
770231
113617
544472
512827
307767
827454
635187
329336
469641
341686
827199
158643
619626
591398
550939
173028
839832
560782
125783
413512
617640
958513
658662
588580
644930
179038
710695
496460
246096
330554
669265
920955
689812
586010
646534
324367
588775
954998
819907
761539
410741
855016
495255
608250
975512
235080
954556
994213
104973
134153
588614
896620
115749
608532
234290
266704
727139
248651
292022
570743
655964
398590
974941
426101
663221
730935
570994
611072
736300
785626
406787
568328
823700
478947
136191
963678
564481
142507
508647
570933
683359
995946
775080
322378
736611
921815
358530
194443
326097
688719
800006
971654
171744
345540
918752
458829
966768
744083
145825
100716
767887
560381
240962
145963
162766
882427
258967
949712
606907
833277
361050
757144
467935
547189
300678
889611
487843
130515
267190
819416
363061
967436
768494
538424
182056
202700
469107
551251
287158
432807
361888
531308
249039
898227
330954
418923
316093
407318
491029
973684
563811
762253
387936
827312
394372
209529
352036
991817
341634
656962
729564
514731
638844
604583
188803
126913
720157
467902
340050
780649
355101
777816
338069
894818
523439
490653
737671
385735
261116
746408
299009
528761
981314
462456
190735
489008
756952
886608
180827
555779
726378
543267
762913
350818
661448
271187
867994
777511
577750
962279
699767
882969
148356
991075
280420
127581
183614
200534
176613
204584
628171
756121
987683
980550
787860
638992
162105
951679
228539
879275
831022
755500
802959
461513
541162
614946
640103
182607
602416
866488
185254
162707
910173
738961
611572
698663
253948
489307
722760
314545
181783
574274
723560
661029
616726
108751
614986
932169
103745
530028
611917
422056
914277
161961
971651
327915
910301
876326
649294
409080
888746
479564
377472
998321
927156
442462
439902
411974
519482
830936
298898
609653
789196
576732
141789
448974
846199
825926
838391
799995
887778
974248
191496
937807
173086
601973
151248
999120
837335
328019
511993
784413
933256
930216
866100
823968
599327
298060
163552
500082
189744
952844
780204
453059
353243
491449
883756
511634
885337
173373
925097
517237
153277
958255
461106
799262
465841
792983
648646
933476
313247
921476
194591
321337
584985
708600
358298
788540
540471
998414
477727
819385
286213
806209
637922
507502
311090
433636
555958
918549
783302
362305
729452
270819
649868
952127
411491
565154
475711
576190
846168
641530
566960
621772
951405
396842
305342
401317
538333
965040
439978
956139
211781
566939
921406
676101
192977
768435
336859
466068
665612
115616
489465
588228
241528
283897
806407
689299
918432
674338
123239
958531
524286
891869
335200
907468
448562
691360
620083
147819
723988
118228
775778
823553
395199
311348
313232
515336
891887
511971
976505
708864
877142
336713
463877
188979
451985
785879
347793
163257
790150
678361
799094
653925
496193
900984
186045
616864
574035
127043
519189
179259
587016
702697
785180
748487
649601
499293
619108
286396
120320
429873
679455
577094
117063
744737
688267
506585
870767
302818
821143
711527
830788
941383
415502
195379
467998
619716
140206
213820
295780
331152
303756
465726
133746
902233
960505
387737
792120
664348
106635
479592
322214
520030
924965
220199
567059
200471
501036
235437
402461
253737
190969
393476
962936
247899
598378
805722
393685
202973
895916
425530
803755
994163
524364
381348
860802
167785
296279
448915
235091
316761
264470
233183
135408
902935
505735
233576
208762
557018
759315
404222
258490
311489
412556
306793
929668
153034
908775
271943
362218
897881
677873
225432
586987
774788
704404
659801
990017
504893
331348
116229
492817
212663
129056
914559
436198
665938
135871
315698
161676
179432
741491
769255
139845
327165
361075
269973
466605
904609
982338
828995
366476
602271
581209
517965
374392
297156
161888
452759
375111
322466
881150
489990
917179
558196
607898
132985
646748
400314
607563
349474
814166
277666
247796
540230
213313
229001
900033
323279
911567
460203
504662
768097
205303
254319
353730
309249
560566
200309
745668
655242
460750
552220
418452
464806
685548
509389
960082
772286
162539
692459
852507
638384
328588
450656
901825
608554
818894
761249
574725
646858
213841
160024
346427
435528
425824
160300
785292
353418
494210
381799
866152
990196
804650
860771
346283
746653
560831
477433
939692
568676
849646
885603
666647
671836
682411
425286
761560
565748
292346
156702
476022
783760
709834
328904
372343
159199
107077
459036
912868
975099
345328
166909
633152
327548
679180
303676
673067
914573
214716
959195
347593
850151
767588
561367
410589
504274
243741
344879
823255
283143
202054
100263
332723
686736
421099
618132
515811
466694
614610
770693
842653
603225
616262
713249
536150
424664
514247
256799
524494
579499
755985
662452
868794
154131
879044
619660
801238
839913
793430
828320
580613
245471
792332
284964
350112
704319
331252
589179
119822
782433
409619
934896
623458
977900
235494
667360
527097
546857
561641
755022
456017
704999
393009
250294
917434
351517
577315
706533
155278
580089
860452
739304
758679
894364
846882
869443
456141
182922
927536
551965
383306
490854
440896
348676
176341
684404
681867
960215
708809
398034
602100
699540
637546
724546
505630
855135
622768
746453
656447
590140
286364
528182
377024
890287
985029
444315
448451
811122
161214
412106
949671
411190
302288
957053
198893
891334
775175
280216
411237
613212
946223
106295
751646
982561
668737
628949
920468
315645
763442
965437
111421
793153
419755
349731
958050
928666
510534
399934
917397
348268
269122
393313
260334
920232
249381
890870
309652
111178
679226
727617
928063
256912
632480
423226
995687
850386
395937
682981
290817
608716
181904
258138
261487
717673
780418
766335
157656
157388
329083
679797
617003
823926
839629
514690
627482
364328
507023
889296
285170
516459
249603
973766
242547
298992
586079
351473
875746
849647
598364
819441
680980
374177
564257
469519
719274
768270
603460
687646
890929
508539
568826
650427
418371
321172
264385
485520
743730
306418
499741
706626
199958
120228
958673
852783
817128
531321
783535
288874
688243
204939
483646
981136
506516
859361
405623
719135
112540
671239
177042
178221
180350
813697
351630
259552
673529
286205
599305
123948
162127
827424
922172
381226
512068
880262
564131
268824
885503
692709
275977
347727
254807
668326
131909
260329
732278
556439
385570
545138
275215
810625
718902
193170
399512
748162
886556
108689
225814
947607
630809
537315
725083
264178
734483
440348
521094
393373
184142
288766
800110
450172
338705
110320
148050
573582
930450
647581
364195
330258
704389
385965
423683
821998
195268
671238
917538
743176
928034
296269
625514
119743
868817
147665
302742
120982
972462
664644
522604
582432
515939
403881
418375
758475
297184
901744
335960
533721
145775
871724
681641
607267
817411
632811
297016
783800
584025
586037
176865
133945
671347
652730
497578
875989
531938
689611
182365
120962
595449
774388
295818
108499
371057
112418
307751
781334
901981
105944
581101
283086
211819
558684
676780
883414
260678
187121
430168
591135
893872
830194
412680
966471
444055
311192
191465
876928
710070
451256
970428
126057
356250
799128
275065
185176
895459
719180
568383
528911
403959
560859
939381
537865
321393
896921
839203
695641
900686
624629
423140
759062
102672
784076
959436
445643
226844
454047
376655
613158
294941
106872
489466
823289
938141
404270
362120
738686
410855
653927
386268
784674
266073
612705
369450
784971
278069
137363
388268
222738
287756
919831
166692
938239
856375
142310
400172
300354
127374
907202
967682
771696
216176
867098
757204
231536
514034
583605
793597
510960
659637
468351
988429
686794
870898
786082
523788
896146
467229
492156
729841
884810
607625
918026
784950
732470
251088
723947
477455
293647
417978
211616
557219
898364
214148
681451
519824
578480
701436
332358
840983
390424
949978
737836
545751
954591
593840
159026
180392
900018
609700
453152
896138
415356
304486
507278
779279
137938
617729
807798
601732
312932
715038
670807
101152
946062
256815
434862
967270
628374
357897
996448
505021
479133
350215
868875
179161
194246
235736
978683
717045
403627
531567
904826
572827
102374
284345
273156
227306
817428
782216
680405
497659
424493
408420
954201
253002
138391
508554
580827
873356
192085
118654
877385
386412
579828
979165
819466
418283
683351
534273
896575
855419
102919
934235
397410
544149
663144
315386
700883
134692
365185
838078
108424
541452
957831
251967
744902
498078
718259
364237
551187
837208
775676
532233
624460
651196
997803
949742
801808
486312
462524
508768
399105
438524
656675
520986
117101
919848
326342
356641
621049
219692
570079
659812
199902
527139
299107
443266
949448
848914
965402
950575
848664
605063
121008
603244
304529
388152
342306
760901
271813
140236
788457
559210
456216
923976
433081
373397
753110
550704
575257
208289
524800
607563
341554
798863
550014
935408
421530
593459
704378
520919
509010
189088
849406
981759
200511
571328
348706
856160
245911
532464
315472
659212
339986
780161
987098
667008
631399
442279
240800
271223
375426
991770
589658
410474
147325
413093
758706
472512
369688
971935
234367
645401
746470
893292
905068
880296
172528
111133
371626
962453
971286
914284
341094
460813
651139
209341
315295
341011
316420
635971
662343
535002
951869
206195
232462
982555
330300
678963
794753
865162
491093
971115
156063
156634
531768
435587
806437
122844
363630
146213
980509
985725
699512
205669
612887
123150
156643
848504
147152
651846
350206
210270
950844
709253
914112
783849
961930
928642
293121
958069
906980
596276
549215
613544
447236
688925
916955
899249
414564
883882
421494
361038
906869
243277
245570
762770
480344
246910
240766
118987
572638
884858
951920
828858
534490
231455
644431
513745
807335
175957
295256
580533
375415
324778
686111
821341
292497
754325
158742
963031
133906
797525
350994
699767
601103
628005
161392
222709
609910
959205
971129
771757
907776
879096
357475
857556
938729
663560
327244
509711
978588
889302
908301
914720
306547
822847
645047
361072
258951
364267
771147
239446
428751
848050
198176
464074
365990
928028
617723
531625
744136
263092
664521
127398
557389
732116
833043
806918
431200
402739
370048
817973
619222
871588
851312
911356
737409
302543
152414
119334
331684
991810
445191
938813
927059
915625
863144
426923
968708
137216
198372
330951
625231
530117
973791
607387
243336
758247
561206
976751
279267
970039
158706
421620
561624
271506
146834
267046
978825
376819
800763
740014
802275
748673
524580
247381
613051
409691
682055
717065
191802
757964
701722
850940
886163
747446
441992
404060
779074
859144
946068
513293
440878
559636
630020
197948
603585
837476
163350
981976
462797
844340
846859
679040
583394
976792
525535
949843
239742
394991
924786
673098
912846
989943
266819
654232
756438
562421
693651
608617
201112
364052
168369
225044
371656
450480
817012
898555
322365
947321
819731
158920
932343
920030
597239
583233
539198
201423
611707
741349
383793
359867
781751
780911
970941
976198
429260
771954
404571
659315
797383
744070
727001
675039
212599
837119
314396
265398
492535
215915
371737
856344
637963
460073
261373
121533
119047
529796
698808
681478
903722
905326
851439
955224
643404
820583
379718
700755
170022
757631
589596
431309
438796
890677
373067
902247
938760
882479
827742
731365
455322
176972
327952
231751
261275
205130
699449
529171
963617
520797
376069
842577
292178
803957
385966
984146
644680
613802
896535
722867
594123
164077
823329
586353
774673
865684
554852
561636
994932
180426
621262
211235
197914
386071
176319
217324
603804
901433
228935
969298
835253
847071
782878
963915
723663
317914
485201
452836
890170
889566
207264
324540
523868
375143
725828
582700
364694
975747
645527
295448
295465
783466
172868
124092
501768
877400
339929
945860
762561
449249
180102
233738
763327
439002
677882
209665
177523
883020
790481
274811
325641
976724
965872
894976
530141
960074
916977
385860
247079
552075
366585
643954
163546
507219
303211
807590
879011
197664
145086
506182
995833
729820
432900
100630
663161
929141
136148
701154
247579
602006
755879
476670
715634
879890
370692
846939
499354
435380
537815
396555
838422
300041
261290
408902
716426
271594
301112
880081
236239
640749
392187
433559
347570
881404
505091
685230
183267
320515
998984
644873
438902
339972
999140
512563
980134
792791
387102
240335
185095
807306
997161
275307
639991
915026
601233
897601
571055
985347
972210
647363
498211
786076
141341
802052
450743
202468
476324
619900
295169
937683
930235
148064
845482
960748
276498
944654
293001
139095
537111
270137
103064
872664
770955
209060
630769
689750
218971
343740
549310
509346
260574
790663
453481
689272
444528
335714
394067
496719
718401
218186
861990
356550
200732
848631
992782
572942
319392
991137
374651
523767
303707
353771
505995
755678
440052
117433
921263
932555
473940
703430
715605
531375
984672
598818
927432
860011
764344
793049
461161
164818
649664
915588
628799
936504
881994
756405
285946
349526
815110
318349
273813
545263
407984
384390
728559
476569
668163
798819
196937
582411
949239
966199
899003
649869
469540
929015
281966
910868
664960
644955
973708
732978
234314
156812
369340
446960
653748
388251
529651
972131
771507
769624
125538
722253
848672
586684
123977
911201
214218
748570
196874
817467
907502
789261
319463
421655
977481
925500
298603
595654
801280
454785
681346
588332
352625
657368
523685
674734
676402
764581
174559
847275
950263
871020
331970
168756
785276
241142
938089
382920
487246
566206
307359
218758
800965
846543
518434
919063
957950
450842
926504
740087
512710
513481
229647
757208
647403
738211
674754
306144
803487
153392
464496
129629
508262
633286
344466
140920
269694
416792
801768
716787
385492
832826
981461
788146
450721
209589
120476
382301
975918
643067
865874
261715
394291
335613
376218
425858
913903
654489
598960
196843
488978
962200
573835
749890
190861
690605
412792
630084
127765
983647
266064
853548
793639
810726
398038
443608
299794
295344
217294
657932
743242
917134
605788
959705
695528
632071
536765
219267
996280
209157
320469
290771
630022
783372
632208
994744
983883
143193
105786
691197
489092
268916
899814
455281
784641
747943
936211
861745
854019
187967
741008
309433
566292
678539
289765
990221
928768
757784
897121
677648
837091
944228
214384
357397
277701
751259
350204
879171
627472
104970
131640
407697
780775
512447
992570
392948
169070
693691
500340
757965
496556
154633
302483
961148
555948
922142
691775
113326
522523
738335
439302
206055
962455
219451
189803
922382
494735
599577
379026
279154
912493
385973
384211
749848
589971
718357
314962
722270
148239
825826
248156
836068
740552
205526
234015
672348
752358
171682
641169
867009
505018
414637
708421
587235
264126
916602
968141
447327
335461
217531
664466
334813
206012
362878
958685
374998
232049
600099
328692
159571
181951
861562
457757
354053
975869
773548
581959
344289
492378
568056
702700
838670
319158
581449
922868
674921
299082
509591
648724
672125
655558
936907
862811
772122
691136
108835
889320
626698
760583
344960
617986
256755
244293
909517
614395
659571
424032
575452
481305
820060
848581
367358
842968
211815
955620
278290
108394
627202
701684
457302
426376
178262
698656
935298
433133
235160
553234
840937
992961
535796
800495
619038
716501
422721
566378
312477
918568
367557
926331
501238
404861
737212
138768
729790
771882
170940
975979
793456
999824
587704
909270
639664
230770
758236
374138
775845
541347
340921
489221
544345
621032
602980
126178
100054
561047
496329
535215
628793
793699
654528
589133
783513
307297
381939
930352
648422
543440
666889
894677
781986
607892
729111
239395
351430
132366
231679
629367
493480
873125
379513
816558
350675
296692
356412
499763
762754
406278
895602
687520
784381
432250
824577
145871
783378
907954
408134
358994
263961
921004
702552
299428
895727
893206
255152
202967
471351
104814
366357
690820
984274
174879
192343
987833
222082
936321
622244
684854
494892
178513
736378
684082
343446
893923
175495
479067
951340
205944
132230
736955
311834
696030
437565
784810
851713
983827
543677
130928
960295
956152
938660
596046
572754
322691
206480
611763
494909
904090
739834
239621
343811
815544
551356
223906
805784
966408
464484
349581
526105
472853
311181
319138
964189
342560
828872
185831
733197
724468
918217
997470
332551
380129
856383
880623
112652
408185
766252
904430
996555
645413
375344
866446
483219
979518
960413
488325
975872
329637
596061
540226
747073
510749
301770
188020
482653
302948
827987
216873
451411
602544
163672
364961
900574
961525
525579
813516
536232
699057
120252
543354
898353
115704
579359
936968
464759
123559
155613
249383
758612
305737
490205
157988
962377
777884
837007
668442
539959
451172
914020
669069
433577
606623
616081
343368
148870
581625
432626
645851
835694
616920
177032
353621
180507
144127
568379
542932
827980
667260
489014
725277
270203
945796
944244
109850
835939
960144
271746
342249
702570
705888
278690
701664
939022
645867
280305
797665
215800
198824
536649
137295
316575
821058
993779
221221
429528
158780
217978
866962
601984
714773
303512
676542
601834
665015
537213
643156
954901
606518
231741
253110
269511
519511
440093
174007
437400
421400
856788
889359
349328
247337
434286
246620
415862
482785
280275
849789
441846
709413
692076
341028
664981
674568
950444
963675
283632
663329
880185
538422
680374
516884
388220
601050
208799
366506
692618
425248
544677
870944
798638
318953
457407
125804
915206
257265
565291
323318
339733
574345
267627
141381
684277
295798
524757
327310
328785
523361
879289
305128
783008
435628
134651
785261
153693
557256
418970
962111
915896
127436
799922
230459
799084
899123
858923
452770
567655
249414
814327
936065
769324
341364
746835
413317
751144
545140
824937
103265
348772
201897
940174
906887
595008
499530
621212
708721
485234
915996
603700
192246
338368
805606
468046
842578
300381
416376
312987
728262
844990
384103
828388
277071
117227
862454
381139
211530
692133
884794
218282
861870
943528
232628
342343
729594
873998
491651
495486
936227
991149
750283
873519
401999
802461
462168
955076
485530
616082
533863
531575
512185
873108
280671
136048
227609
615563
403317
952980
451795
979031
829458
635203
838610
275663
684633
460219
442537
327647
368160
679840
299165
442347
356943
581174
100485
684341
874239
653856
694418
505856
497590
146378
816520
785630
848008
937216
644754
305470
860856
768817
619065
797731
895189
578864
824015
998562
130850
841928
876128
314145
240784
354612
849257
720095
912575
874638
673851
716447
737098
583577
678942
677716
237707
729915
839313
958880
287952
518527
893663
491987
765708
125726
737298
536981
143049
855665
896125
439833
540306
197087
175877
758753
167194
254820
342801
213881
366111
745392
223943
482308
365412
767195
413654
210387
680339
789816
923787
856909
800953
764306
333979
162292
998428
175812
879539
788890
345773
524822
731106
548612
613321
457525
578510
574179
611069
710381
750716
262245
506457
204510
288886
366070
214687
742741
244376
714880
240220
998672
662020
437560
314253
109354
275931
559286
137923
320933
539349
141258
766874
751289
301158
563296
731740
671296
317833
999460
135944
438413
988687
364095
116168
221763
115785
941485
989986
226823
912341
470756
934027
981641
211746
713359
464406
487668
632646
184444
875281
431705
136427
783933
120240
538207
399384
609926
521868
972434
923383
104073
536739
805362
405902
455785
359688
876519
182204
661266
674539
297009
742623
603233
298355
577173
374822
737421
820653
107284
495201
473889
979299
743561
301837
324385
357397
742440
167796
912221
646037
979045
917947
407160
705050
830758
723153
267266
999641
135961
882210
444560
760900
703840
144628
827569
584348
868528
962951
664948
322615
571677
666287
623601
703277
703313
914210
181206
817754
443253
417049
446245
549560
525372
353168
235392
814170
155342
897536
241621
935963
159096
316507
730875
700071
924632
317843
164234
959746
640304
843013
293282
771337
232307
417680
675649
466236
256382
748952
219178
859865
114387
414199
715761
890237
348766
132804
706261
936613
375609
558611
514132
784087
417624
324161
989107
808210
376261
737339
714813
763546
640686
783383
312189
355312
370522
833565
109094
266754
469361
524092
683717
764837
480901
791711
472416
308340
273920
491936
232185
995722
819897
589076
952042
552017
400295
551196
282115
907761
790027
471411
624103
573036
742185
767686
141363
435304
589230
165205
176502
978875
622632
166003
562307
369019
205606
530959
903669
676153
681142
869349
329644
140089
292086
722046
129777
525250
890926
215672
104117
719052
546512
962931
861698
382607
398465
765851
883116
890923
386898
234921
255015
948103
471987
152340
146975
309817
835657
381944
851059
254435
882749
918783
638217
704267
654017
206935
722309
583311
325660
442237
222801
383630
116006
263573
506170
194668
171891
932510
829339
307633
545703
532166
262783
618107
537946
218854
550623
648737
851175
271764
452799
899323
736321
584307
806900
613032
597367
117376
666543
250197
164218
152111
260868
658322
710371
950506
289752
631502
879064
680644
303542
896337
429554
871655
946431
973292
656553
386762
122724
734841
765194
130855
422061
582170
713282
464455
282048
444278
606467
883714
849123
690628
381037
817657
412201
472697
244648
652034
166364
306445
152998
841667
920713
639479
918557
346778
478170
204680
108683
458819
162353
658086
641845
456814
264239
856532
396757
527836
136511
766086
129321
954374
706930
294625
557831
253778
749646
209424
307212
975761
111156
460916
653439
652655
664396
472524
395641
555212
712107
166271
905829
717007
731081
551846
868124
453801
476399
827298
206084
166052
740898
612526
267064
256543
964423
536129
974200
129155
356873
625568
514451
390910
927718
504293
388403
747279
533298
815457
795479
852171
983564
613315
312325
127483
378340
486182
421025
547521
479860
670497
577351
265908
521927
673045
681045
686442
252952
338549
393982
563792
185308
473443
994325
461333
649621
289207
729955
483651
839231
113869
303634
537456
642722
571468
398631
715065
403210
711370
150516
132823
650282
963011
155468
309494
255118
345460
907377
448351
402120
763033
717185
706109
164099
760826
262694
182985
712876
667111
704900
166159
378657
846695
258756
231761
747239
704058
444537
312134
922803
416972
975704
623872
714572
835863
152483
112039
775393
264651
813512
498043
625386
411828
211740
840049
340589
310586
319190
227782
143909
233540
625345
580130
410502
544570
421157
780749
738430
824616
669309
435392
466853
820176
207310
808375
914210
738941
972844
320824
922272
136408
686170
857792
642642
783433
395122
873593
943646
338293
921355
940396
705621
597448
481492
102138
760374
352886
129573
129632
905527
904664
408646
340258
426398
470667
741517
588755
844875
320335
322778
425223
134254
412009
556057
320832
692768
477266
303798
571559
305382
687038
196771
833648
904169
780220
953048
559274
605826
632235
738090
555417
692900
198777
374876
308155
162970
271346
107956
204979
998262
426127
378020
305994
384373
542161
685994
852425
370187
383723
697309
945584
158806
316280
822180
394420
150709
884348
104170
695302
148730
906330
792639
891342
297759
834477
656717
238425
118535
762268
372572
266190
337085
189577
196860
822897
764884
861439
511912
249414
474384
866169
659577
949626
189795
561790
818979
233553
815547
531495
610695
210019
858770
629010
326968
343031
140180
652071
856655
499844
684157
311849
987446
261035
961588
456789
787238
845857
690362
389081
742650
241567
108402
224263
754102
393493
306945
149997
454342
609375
856876
711170
335431
424987
807353
453675
596000
608930
163506
580457
328341
494972
170251
832550
284945
872609
668366
962456
133911
549472
947356
131482
423762
284919
419969
209425
472765
464343
720403
838233
864559
269068
893128
150028
479098
556825
207387
724640
410541
580219
374796
250304
216606
181139
801711
919643
458703
449676
446367
831019
987192
521454
726462
254196
793669
115612
683513
826678
247280
973285
488581
317169
577574
836420
234752
572712
625874
685236
152535
907891
546871
886064
897140
564248
892946
405231
127674
722726
165154
592988
672615
484976
632824
707659
136110
316267
538624
864121
746509
301613
794766
646816
594611
513786
776450
788622
523421
117316
124696
383592
696605
933466
742957
838767
572026
477311
156344
283484
434689
769563
559637
478563
467865
611319
132893
343340
253197
400961
818464
705544
863500
689955
150141
912779
129037
176193
357050
919488
830586
668792
508104
818185
257990
733945
465878
262954
208799
608308
276340
310907
181300
528552
415138
725434
813019
904676
745982
905761
133268
596091
157619
545670
872811
329918
477514
736952
913725
453383
163637
840556
134010
606768
770516
851668
883686
983425
332177
766882
664212
789931
261830
177572
940775
631822
533681
894345
957157
445178
936960
481103
475806
211648
665125
557896
997713
508927
170266
953107
878430
522243
811871
916938
325404
155834
457494
990990
485663
661145
743780
654697
692288
935921
572792
302347
706294
166561
739834
256751
171165
721237
674705
274160
857465
737292
241913
928946
492265
249906
374902
861161
722213
223536
870633
865572
892404
436214
397887
938336
850377
854943
391488
889863
195478
560984
318351
387056
731249
129001
700821
179059
306813
396987
361516
857276
529230
989935
240612
897245
853598
338945
173920
746832
889161
881470
531713
340477
702394
211693
598485
821333
279112
430408
875504
622025
202654
154757
137898
258425
663118
127702
913682
167296
587738
212291
938915
960692
791115
277988
524874
956980
109114
460237
500734
739051
910883
351472
442616
753172
411263
643211
169858
428294
258092
443896
901399
783930
745020
337380
572669
109273
923110
317389
732979
696608
961322
995369
256558
381060
502998
978974
728065
913563
356119
161228
478842
774176
915146
825599
380769
717927
490324
163711
474589
510134
476585
886317
270229
686323
714048
632639
728000
424562
940420
930530
540722
156204
727281
149271
580338
650243
583073
179990
934163
146447
663202
796737
739420
102205
178796
496998
531705
190700
676311
266699
647084
269256
566385
145465
520913
974827
916678
889435
642729
183337
233389
335559
788132
531772
802930
347079
324983
418426
791950
519355
368483
606243
455761
989807
650087
216897
719900
601184
361989
114520
821827
140499
156186
468331
718092
854647
231279
954955
711512
216040
504653
235946
728018
571212
896124
366333
349509
375416
463693
374773
342454
114955
226776
726214
848511
955446
207480
510866
775808
641490
811124
904166
240680
712215
629162
183955
413529
879153
719616
829971
103066
938441
225989
359349
978229
964417
443709
642093
237296
896517
272674
373106
861818
875858
224832
545166
676107
231832
421195
351825
162936
175931
202300
799851
950661
609898
833279
812954
141884
887012
376724
323639
382176
637602
473749
168933
170967
536524
857319
510751
736713
829106
316746
501730
966722
334743
899984
204861
592693
606740
561287
691153
617032
695669
194436
700232
712097
468405
667161
213394
777286
235336
271846
930859
707477
636093
675905
612600
894639
184153
224908
420983
228642
315199
492444
210194
300139
274025
983141
541752
529957
995622
289016
633073
962787
747218
132336
697177
987048
916600
835457
221221
848611
681374
521876
678016
262313
302411
669533
837876
308642
464043
662576
308782
772799
757930
205643
672691
330117
498830
606033
759238
595831
254667
424065
953695
519357
892688
346268
730668
382189
763195
548368
527856
306874
883122
471028
960071
156393
835317
656502
272379
726044
286867
803794
911647
893454
760646
442417
763836
717572
138251
183249
548090
612665
764246
758820
763700
387824
616787
773877
201789
217830
122292
459783
884432
314401
604872
811192
809758
410008
750852
827566
710699
153179
588261
415562
953466
783497
739489
861309
572398
492410
797654
384722
655254
959351
938280
551367
522172
277584
852704
483693
399182
219713
681256
321199
941289
426885
388732
901026
780973
525819
881255
641145
888018
209470
680600
906062
490891
956821
771818
286039
954413
477831
422527
785179
407482
690521
912076
416723
238560
634889
624136
129602
444511
830614
734050
167115
228452
170728
257116
893581
583661
375496
386671
921461
358952
249068
410402
353868
527844
428931
119366
822665
194129
169993
546850
822842
183372
165038
647868
383029
953261
907863
578820
394543
655404
337248
327783
199326
770065
936864
845329
835929
345707
637765
659239
447305
489296
914856
263979
344667
762999
317932
419023
809855
568941
957273
533903
964646
926206
755582
895383
791149
398615
251122
706599
448135
448194
699832
436195
284669
423083
242366
222150
963608
152068
379235
816217
653232
413257
315751
500199
728937
221863
641735
685042
917386
266341
953807
387829
848141
799089
518471
309655
452176
354034
129048
121236
244186
798613
878042
939986
969067
778310
494957
493093
336051
836735
396691
738706
798092
666771
695017
575786
160394
335177
182692
751948
447919
340656
839106
235142
351077
805435
465670
433454
805649
889847
164795
482270
707415
563626
705231
920595
488212
176048
611381
121077
449964
437636
231566
419127
662262
958844
804769
967976
338305
348169
100075
842620
614543
369255
470281
331520
390689
512239
256064
619788
306857
592492
796434
748311
132828
131550
427561
898807
872154
490933
238625
528098
592819
712355
286002
797373
435896
270414
809015
345408
801187
172396
667300
837450
240170
618407
879668
124790
960441
520089
470887
857395
844058
398847
420791
148984
827589
973030
727050
857717
190218
771783
212069
672677
832793
282804
676025
697380
365249
648996
712642
295580
221500
846850
889115
531403
638316
632151
622262
292081
439720
496267
799573
356183
414040
189016
349351
423020
422414
915346
390926
365681
907915
668571
350266
754962
688875
441364
303898
589005
446316
161900
151933
534653
102327
272688
935757
321227
707851
977299
636549
436353
698740
938992
869732
468107
592581
212330
582698
622157
679552
375881
524766
282644
174344
896140
778034
599816
779926
303889
704550
284189
815125
630881
886482
539037
417247
782308
728136
687109
798986
236218
407581
179275
502316
286819
797207
639243
904130
668699
789270
153076
665309
719845
515190
774567
129787
503372
284742
889700
956644
451726
403508
904300
390798
813591
130922
587451
844016
443722
303063
265625
963097
110620
336617
393555
589604
537516
754974
485917
272162
827201
461841
141540
168761
440171
479355
221729
361098
928627
384502
538489
575342
856509
740703
396167
110851
253494
536942
632931
108160
561078
696159
973548
600021
910687
492020
538488
611487
902213
672003
419196
849480
417799
741685
500607
539716
955898
271688
729931
997150
516869
209824
986021
703269
884325
946336
437845
959996
870720
545388
122986
508186
105737
229497
425945
438770
719358
909204
542645
649813
372718
410581
815684
108325
514033
758705
832202
752965
762234
854550
916655
805160
442196
906121
366077
502103
144563
876184
991256
255984
741295
587497
226783
770367
379559
971976
702721
185509
538939
158225
329752
824389
841010
908560
935448
353068
521287
708303
290253
727353
275660
844606
600260
261199
214041
901369
631222
836184
581317
677125
682261
459980
151064
655625
648782
244096
495870
688685
379595
497400
791982
741714
398873
336550
753788
573969
844396
259996
646250
860889
294852
385702
278321
410668
723595
947745
239678
521370
414488
769868
527244
444594
644874
379155
699191
578189
838594
952374
475511
202449
988125
990653
682464
245530
964884
983547
315736
529640
682947
768044
515182
752894
203988
769321
804383
376037
688031
393278
711883
714056
433755
326643
444902
448272
745097
882645
318887
100817
570347
987366
652386
298517
467266
528662
135175
112260
385421
360804
484114
329668
553438
207070
347079
960996
353306
674001
733354
801167
553067
408321
948265
821209
301603
983522
135105
448673
690826
960171
636094
624929
107696
501872
602275
733800
229005
509390
855004
991426
717842
426089
996072
246176
296927
412926
128612
443531
649229
860074
555130
894280
853253
838607
292236
919719
424961
315727
105379
191540
456458
109051
513759
999635
503874
172571
403962
500554
511940
429515
312317
113875
273330
900933
815071
399803
241935
795988
362156
895962
963519
807165
495063
525784
441596
602942
147846
330719
351241
811462
691339
543173
124791
692243
263846
485953
758671
557609
169027
810930
190050
673177
466714
100567
637227
542248
290126
538036
933965
439059
533428
907141
123532
948824
707080
107610
598655
841014
730877
277617
804122
614743
619840
868340
683021
350199
609128
239870
795101
715348
210355
927070
622561
350903
149846
479256
422907
949241
575497
220657
347823
317272
821817
667338
951939
773197
765289
638376
377001
186749
774370
230815
800304
775136
117103
988917
716570
262469
390689
113352
759279
571543
237845
681538
115758
666225
658522
275447
361616
464201
819131
603636
626634
864304
744313
648228
708347
387982
515127
166260
350873
835877
884774
633426
461529
298595
691916
936958
721306
555448
229111
954392
156586
159612
691397
289459
852260
704071
501649
418363
311610
620744
753895
470419
129327
862520
506461
127386
437689
369739
917055
827721
642426
482262
185341
117137
706069
994492
983560
158421
534726
156667
616861
917194
101853
739543
237834
717859
633349
456832
806677
827177
119463
786170
518654
445206
889745
832357
561976
565852
687088
427061
692577
557202
233762
338839
698519
648740
161185
189247
760190
104205
432896
187686
711360
275547
439264
745389
954240
708963
851265
767440
392888
675015
555153
699053
718469
429545
228925
747757
672097
309579
543159
223876
971908
680840
806496
579408
549910
973310
816482
458691
848142
949642
376145
243613
259994
585949
760687
130096
299428
717096
921449
478101
594159
639618
975864
327147
970404
304357
404799
836111
802878
780570
613656
914787
650916
865725
620742
978339
275471
371479
580109
553196
587589
750663
708500
492251
393095
235254
165806
691168
321688
895422
521261
351873
193163
339015
879556
759076
206610
352578
268534
428672
853803
983443
624383
474745
818620
165084
411284
596959
557133
161995
952824
765475
611845
222635
798369
906457
147532
639992
589169
708801
208964
989012
498567
334611
833958
359928
419316
384311
328677
794972
479357
421860
182741
358656
828189
358807
317145
450702
670814
390780
133525
449959
763964
891751
841703
982030
263109
904169
317276
338924
769449
784606
568944
774861
738284
609357
451974
591734
695907
841592
749462
643648
145432
432617
749069
816409
128901
933190
405372
421956
388118
225906
297498
159568
549886
394827
966664
566109
447852
627259
581353
252300
253874
237582
312341
772059
457030
710044
497383
371072
562103
509119
354747
318336
223654
548004
652572
486431
128527
681744
309333
134712
324213
679660
761650
776652
129201
894924
844537
678456
761262
840343
421214
890260
835520
626328
261489
781774
612318
581579
664598
969110
168442
314043
398070
892851
286796
206132
504567
785060
956279
123906
832109
196592
357811
927462
907674
711733
606522
622803
692390
642801
973522
983696
631012
767973
630643
945618
964455
876814
912651
312931
706893
454500
533170
647593
660852
985316
513185
830699
264054
372784
335232
318919
722783
552286
306246
486538
223261
546040
864037
968084
936096
931208
527389
382983
620386
270506
370358
805067
100537
404589
274238
248891
827566
170016
918139
914296
442872
196288
729478
794991
912181
649924
472629
752339
819995
420493
155653
798361
823217
916399
646868
215168
614860
942399
865726
782546
670001
350269
979376
410526
227276
278599
223575
323516
712778
251670
641188
445588
893124
750126
609892
798436
630519
161022
165624
777333
478180
115139
235316
438487
901844
929482
355327
305789
519347
928455
548963
239783
893470
565669
677280
344994
240606
768545
524910
528816
160530
847982
836015
758305
937352
753963
855339
979943
960720
408614
649174
927014
262078
322885
787205
858523
524824
650868
813890
309362
353523
768033
698090
542117
762149
370393
384258
418718
125690
745860
187689
423751
388995
482504
861678
382761
100331
841102
350533
482749
934137
503434
538579
140268
944822
669755
297647
734100
997235
700204
696209
402983
748814
544788
476831
946490
681417
559306
634331
985266
393309
812529
641334
746911
679463
632484
477418
678741
112833
381823
719269
521038
763240
827609
329623
770178
432812
693182
856456
478243
829982
974882
868623
425286
687458
874184
927485
812333
506289
993842
791898
914502
920545
219152
988631
239873
991564
842635
930830
411846
778084
329255
332800
527097
752003
216604
366640
266148
150878
848637
804790
390531
520565
116742
779031
947737
619226
860833
914091
877987
286821
409897
549024
866066
955474
386180
142837
925603
280716
817819
190067
217493
681292
783744
817536
139680
545380
247758
162544
163096
824738
269564
723192
628576
935975
780488
254451
399069
973553
396807
399131
158370
920497
973490
873814
422763
515620
338235
177251
270279
902850
642408
302012
611144
779649
251129
609307
880943
982157
876491
871278
426782
343403
411126
477547
236565
388904
713338
763612
823708
139475
938660
979341
763914
525811
218189
749426
332090
624793
754626
930440
866923
713586
646246
610232
390472
942431
194841
181434
801359
955529
412607
813402
538868
843522
945893
904695
582802
472172
194758
712768
447709
176092
646514
602017
946329
956114
966812
283365
953544
640029
324385
323139
245400
637234
404919
582307
483342
345862
192696
182026
141110
119012
504728
180089
593043
652336
241440
499126
745960
591397
746547
609667
303142
337081
237502
418656
238063
164168
851527
957919
220431
281641
170589
637733
287978
824669
903642
968426
762239
471057
210080
982820
893500
571732
341703
226011
781031
686760
703970
274313
162745
216016
640739
940908
478314
718682
371692
732945
930091
937313
314390
803434
638354
445620
973164
627364
667871
814312
702866
710752
432481
126578
266782
372499
882587
526740
910920
527135
832947
617728
701658
138450
613724
793401
935858
896997
431683
259947
433952
178243
320357
680132
861233
640274
744352
115373
441463
522119
733779
534716
575766
141585
248290
319299
476939
997987
810595
635293
939264
446238
434131
339120
379161
473262
169945
366942
265997
710313
889992
665210
973601
307554
709158
741067
176828
734792
811929
335385
145915
267732
160230
829987
471694
302896
127659
187822
744886
316936
419778
435037
708626
127386
840304
559073
930242
565074
894846
191458
744385
152238
231088
538544
644021
328599
679019
968465
262273
466708
798934
411978
997716
766907
155230
916016
337941
332357
150206
455937
929385
617105
757006
744266
179278
765779
153150
134430
809687
852829
130080
747330
737229
664764
803061
485379
459359
397894
817981
351475
935054
826733
265620
415935
896744
419568
802598
134548
167540
937813
780808
482408
443943
270957
161103
605585
758113
175243
464279
770964
565686
913727
690582
891651
486974
773864
319643
330932
641883
982666
586894
477582
638637
628038
402459
454728
610430
232147
194450
766662
771367
195286
365192
703607
650989
891158
229360
280667
149125
506130
642241
676273
704844
864094
790401
926375
569756
132672
441514
636564
394308
432900
477692
662475
780543
565373
404526
421378
134013
449371
305967
373802
652577
987086
737283
821595
115615
692264
112892
754393
847607
133939
649437
914988
590391
233757
163389
569984
359989
657081
568841
688288
218536
548166
391569
287703
986079
518061
556578
181886
426938
736434
641267
612295
952384
706156
449770
222369
215173
838818
731738
632848
366181
262823
666258
864916
297976
521395
840608
263383
740286
294375
903359
650323
383724
727520
607321
731259
330159
109336
378293
382529
690094
722626
686080
999255
589252
406519
936282
110566
220177
605341
533573
261500
145955
654491
720379
446668
206510
136126
288659
702363
751734
180765
394836
357489
839264
359982
637592
259025
765276
544342
780878
288725
312011
783664
706240
730098
580395
773538
747299
596574
986577
476608
841761
568524
368086
727034
581620
555522
965941
401641
453247
218232
155224
531189
895879
289046
872628
587690
705012
623943
420401
473911
804594
603527
972091
780468
221547
536886
964784
651303
183347
294209
727862
408818
406028
320789
901093
960493
462362
119132
386175
815328
950437
874645
826649
894108
586582
467285
600088
661463
280510
724955
379994
703460
337780
961143
886358
718088
401459
910102
451154
621880
922532
988610
665274
607555
584049
434156
686930
801602
892911
717705
974008
477594
677063
975918
380743
188382
106722
769118
887457
674384
495930
546147
362912
524829
740670
480626
312761
453353
106631
484793
889963
642072
485602
948837
199395
557613
544626
407273
263060
141596
127794
149712
706090
739094
965226
860196
790417
865734
512466
877506
850954
247480
589645
790987
581932
732293
317906
706491
783753
767790
655706
537746
827189
188340
396107
294042
811527
449246
841388
111704
227471
600207
195106
695841
554199
808397
662868
935374
883489
177159
181122
300449
496625
443191
799628
440019
251990
533285
671224
183055
457695
214532
115494
186151
709186
852717
830946
266898
135244
981352
146363
327078
921552
201049
470437
595395
537261
982152
516458
911037
380379
641410
365293
649490
741795
848226
455578
219196
688167
103478
258479
942974
564969
623125
613924
971468
744722
285668
687889
692672
839304
805177
419165
831978
819232
942584
155108
825793
742255
272597
517844
509675
229567
203961
891273
342919
436598
796215
134329
973544
994341
222151
360710
324604
164246
523781
332742
885183
853373
718380
622597
541298
143313
751094
807881
581375
428662
736433
774100
805576
881095
961953
846059
895522
569019
305824
204672
860018
504736
894934
206020
888480
551584
485130
957822
993868
631626
946316
808042
625007
192011
939509
936123
840996
508468
389737
624756
914832
726926
902122
653493
963146
894897
814714
126632
740505
986341
964026
588770
202190
975918
512977
661650
265953
642514
703331
621858
195994
838655
285417
273448
835581
254850
934496
662314
385566
450403
154709
431141
819101
932974
646287
896178
290093
589535
469688
239566
889629
515740
183714
677911
719706
825450
954628
829287
426072
180806
849022
174646
490579
983916
616601
624765
156159
834548
871038
623582
439080
314696
554442
149694
115802
694657
302239
986708
164877
382616
236121
644038
410817
178244
390988
231119
838273
204351
740848
242059
910663
478438
886254
352750
709445
705692
356312
104340
876579
640778
536440
661256
677631
571440
474738
316351
762185
892817
467501
722613
145245
818775
125019
656997
162956
364210
727518
156393
163665
193540
457335
622148
834915
913992
510794
994582
666980
143119
712602
793688
330698
929859
460627
794691
827683
765931
314392
103696
996639
878253
715454
901308
749942
102426
564300
228215
140932
967755
532932
155170
521564
394093
158378
330170
524472
401010
522948
878925
876063
493852
469212
525415
306366
843308
369441
608144
917421
267051
601831
775191
817950
919356
617045
719983
520827
631317
157255
313024
247412
521856
544512
223102
262259
791233
229605
213080
769187
458166
124925
604466
104696
975526
953164
562530
164066
316149
547214
901386
440029
613451
556155
168319
960294
767324
151388
446423
453446
977552
610324
183499
926158
210172
149480
603849
659200
822926
578248
895152
248566
591545
377615
765234
691558
103591
595190
908820
318269
567513
833261
247536
841869
106870
820026
303381
860883
430247
863654
167291
729889
970144
186795
930271
405117
105166
649378
251547
732676
745533
727570
882827
449139
770057
951681
840552
553276
735029
968077
616548
775849
256695
791331
558440
751636
701008
209367
861091
217360
807062
829443
936014
826886
595454
757655
241031
830483
939461
908736
416496
176694
147454
906546
261954
641975
997087
874384
817054
817786
842137
774028
582266
328866
381838
232461
259439
810411
968743
550085
995748
320045
792320
869774
698247
700402
987829
382973
900128
564942
401370
970706
663915
282454
694837
807260
645889
614941
845734
947846
157935
481810
795382
601242
893038
341248
808178
811306
801095
644841
408827
266742
292677
530400
584801
761316
908040
734471
190972
499075
907831
408870
243393
309050
881359
552721
933456
689269
469438
778090
655165
357758
511996
519529
524749
415530
488497
977013
107959
980225
335217
839015
379156
577381
452736
460951
668827
734130
304760
482318
645787
524150
293037
517538
397717
447073
668591
439971
595077
366509
388192
801089
649971
449810
160250
540896
348182
703020
134771
742920
253832
711582
777545
922225
857574
495452
543177
254716
805000
125595
249457
130015
725591
312812
219635
648278
112053
302267
418558
624451
508503
306846
140344
528525
444405
400068
982006
909224
447013
269328
887939
179199
482717
721030
454523
238551
437969
503587
923810
561920
512304
712887
774496
996428
314903
703563
571308
914522
650630
856802
684454
165537
451800
702244
695242
852709
412578
718208
448455
824199
355360
879597
930166
860097
696703
931109
534230
876887
166723
998184
578408
257131
175969
845423
607693
766318
532103
717953
254913
859911
243267
102665
221269
593630
488204
228929
615776
834023
683722
465999
161615
484909
864758
566168
239071
353887
641774
673709
757505
454974
692721
289827
821806
585318
609927
113067
514317
424848
929907
723900
393931
941791
561222
122813
219493
625407
265091
118735
284826
603422
383400
641010
160219
227789
931907
848034
766510
597286
522039
345558
757877
618461
679252
903517
700454
145770
897192
522244
107163
857632
519672
969992
725644
642655
463970
315475
440153
715137
600787
671854
305558
118082
938241
216385
273827
858263
988193
519636
536578
441881
310447
691633
348307
653925
390816
903352
828216
223842
136701
847566
833677
906696
320918
791133
877715
998632
270216
114871
152234
386144
436305
226968
168748
505453
774934
295836
357564
149583
136879
934782
488173
515245
544603
214245
356883
969288
962454
420033
729714
345040
134674
307139
390028
793139
370171
242352
477348
843565
856908
797720
295227
553660
429817
848935
373736
938475
468821
581254
386809
797607
333128
667710
526394
848205
806346
439997
163085
364055
664847
944513
860904
167763
889472
434113
605960
375379
950030
939542
767355
571430
483697
947904
380913
307042
798569
977484
241942
433168
366452
703935
230599
707754
470122
198919
132901
568583
405650
455726
864176
927610
416780
856892
858330
279551
589486
606829
981089
870187
217227
246063
810836
220306
162699
956739
370556
163732
351161
430821
646078
339894
418474
242612
186021
233600
266839
450875
668171
181860
962373
205102
867677
445318
749283
874313
550472
259332
261589
967548
676471
249456
240370
946816
730201
876767
698755
659330
509962
108711
688283
636607
477021
931562
180897
234874
121210
436505
301151
104872
945109
674534
593599
866481
690453
439717
176775
659501
809392
436174
986403
831639
853623
663851
755917
107322
284062
507812
435266
887883
165948
444468
913187
382542
168410
231775
679392
290383
130178
562231
556398
735510
262962
438329
262602
793628
486163
504498
200973
502968
103468
318407
993407
923870
243312
856195
963626
951722
675951
926162
408670
404863
153785
685004
303079
299407
359941
257784
314753
442153
804680
822260
283173
551953
509869
302260
547149
313528
927511
654965
384360
333082
266670
240276
240919
448687
132425
117627
406507
215630
975951
438819
532966
252655
951706
488596
168864
706170
606315
227469
800887
360333
538718
966975
669159
402147
974202
121498
105824
443536
302777
870656
912068
557889
578360
539760
324922
746322
462420
117895
834779
101629
586553
229412
991089
978011
369058
233997
886351
967611
215971
691409
119651
392603
559064
406153
219881
620565
712080
929333
278016
254649
397202
236359
183703
263226
524992
116893
750439
251813
771864
750209
304461
968808
134574
170696
720793
509836
871208
986565
192386
575833
439712
375658
760156
152932
673473
510554
338330
714002
366321
986044
481207
501537
594644
259430
674858
201975
594063
674140
525597
175571
622652
233738
411729
944550
671833
119261
354744
391655
308279
841391
541162
176287
334030
787561
317023
560719
700034
874698
236049
649450
264499
471759
395468
157627
917807
261889
355166
679362
450153
782182
893461
168802
960271
490618
963813
183902
797202
427837
509544
877447
490957
921797
391579
918865
517704
852145
426548
872014
505812
783052
702685
715924
177452
816558
690507
182863
394795
433591
588480
516126
482159
589161
463261
233775
751339
712942
184408
362125
890213
910120
953877
189861
485404
359760
684751
547174
261176
868570
143539
136042
693407
419573
453910
269847
249229
540041
932207
392113
621487
387328
984592
904386
954391
108858
861336
300880
777294
807589
331022
382233
547023
489704
556047
971685
270936
567136
122748
307989
649664
359724
189931
609394
487740
144672
611173
743576
953098
479674
408921
959103
185186
977933
238226
821308
406273
409008
855921
938485
287065
760422
698516
496765
318564
818989
635126
267272
861123
370896
753926
537301
509872
201407
587958
310545
776100
202890
624937
313826
712981
740495
942097
906482
451864
248086
932815
712227
550025
322246
324742
279220
771254
279920
635155
541671
514970
991197
938793
346000
539617
235874
731396
704916
595819
225986
881372
747120
342533
998424
273748
861729
651339
601654
717651
573972
376989
953644
749846
183348
279277
975479
789185
820689
419081
943199
553790
622764
697957
239822
453062
421320
609457
176745
130447
397407
496020
555203
709438
352670
886042
118979
374357
653432
113193
738883
358309
964078
570695
743287
789857
662842
283645
791449
724257
447181
706482
176836
562116
291505
247395
437354
394937
670868
344035
829279
537618
845087
179686
368755
599016
641066
120618
634279
602477
987295
997565
971786
357820
280047
233366
100029
948440
492921
566712
372972
979568
182120
297194
179880
806565
702827
889076
512238
605050
438040
719736
446317
890980
487363
695798
151033
563155
356997
988034
278426
716475
924955
602548
835533
543601
760138
276065
983550
333210
433439
836071
810883
967664
298161
654156
471815
825800
963200
526317
803144
581408
381776
873675
742313
711143
420406
371930
984390
691384
800729
213962
808404
103783
439625
764230
800178
180470
736394
639550
662133
922269
711054
583739
929634
523389
746065
335637
803772
143312
553621
891698
451793
834558
413067
608866
967500
319538
963020
820112
853512
299988
503612
135722
341505
919674
962456
689146
203450
903251
514571
870434
946815
566055
367106
561092
316132
667672
598336
537813
640249
849630
618765
168135
716697
933748
879032
931392
157490
485207
641156
824039
919238
555490
533745
602636
772228
533622
261683
934011
540179
644084
502607
464894
187591
329156
289597
362825
226947
472163
311511
363737
542428
915926
923881
913635
726313
213565
873431
143864
129331
117082
308102
390009
173854
490253
141786
277468
980631
221090
219978
595839
928278
752065
152970
618840
688442
399025
537988
295711
190110
435216
706372
949852
860497
427756
867609
330296
987814
207506
310303
352348
761046
232228
195658
214798
707709
209325
573769
780661
574025
121155
233634
776613
603103
891333
495434
383138
313434
944251
694529
317228
254204
303052
254760
853488
361643
112466
561861
368562
397942
963422
199471
339749
265676
176396
425187
436443
430524
316975
393769
866291
348957
577188
281680
836535
948249
927695
369758
512693
926134
429552
892666
436429
821990
629213
830927
326195
190358
773627
555592
895322
733809
293554
578290
954085
551061
272255
743914
338856
650606
265420
259038
183803
552559
858916
884136
240776
854601
388241
498904
958777
947075
314647
255886
383162
753790
805865
694087
971360
530277
778005
906666
440467
667926
878642
945272
261974
914603
531788
571257
882289
447215
197569
222405
877162
240125
614032
114164
145523
105257
720300
495419
802936
108067
606148
365410
230556
172015
911594
292365
412405
542971
609311
404032
499218
285568
744019
110630
206469
164369
495464
521821
531363
845874
763175
966326
438538
302944
313046
911519
946892
139587
566531
722056
681782
483982
510194
282869
908227
665165
474403
216282
871752
939917
738779
353087
438978
618952
277819
167891
487647
340727
113357
774012
279192
564714
584826
289186
995203
409793
276653
399697
705414
474899
472883
786382
580981
966555
522914
402188
592344
477769
327800
461902
913235
805563
135972
525842
718898
887194
676474
149496
243428
432145
296117
344425
390439
732358
765578
827978
730798
128653
889291
188725
537774
646271
791660
767523
918589
264960
847599
475379
511200
412997
395451
937526
833249
428366
191929
472181
276081
414614
531179
859521
975076
289485
545756
407084
461538
555645
265599
261277
694268
858792
949120
962159
821958
299310
615127
568275
973957
114906
233877
491860
378318
791544
824503
239426
246552
607134
604551
388159
209151
418531
967094
242990
183032
691048
572069
630147
216315
470352
852284
936175
132771
384083
508029
334237
457653
349897
608424
626064
948323
246518
757502
372160
215466
557713
498652
952237
920738
803575
970243
217297
611577
268651
426988
354004
950608
446386
899527
686953
382589
441706
351508
541539
577743
391657
970680
243753
213541
699833
951078
875690
682408
308014
144968
361363
308327
559941
462965
220918
866599
991299
910556
136912
625207
174148
505903
579932
838901
247250
128096
495215
267632
352799
208430
882373
988297
193018
492693
151559
659091
291167
707050
828276
568155
470523
444319
957148
826000
332780
349362
964496
587550
563748
209415
910206
886046
473803
882681
479850
419449
856045
754506
571775
869455
384797
675291
853519
838885
422375
453879
655008
801171
327930
186248
751953
258990
727410
162913
198467
507900
326013
753125
390335
866076
429753
347357
101405
215469
805868
205127
987551
952281
195487
417468
626201
355736
677504
752711
267999
950563
255918
434286
115017
503693
771457
186339
926018
565474
740812
829655
103590
314218
669123
602319
138418
144413
242053
915281
535931
282224
877280
545195
503559
740888
455378
283832
492176
755077
459444
994685
363670
555413
668488
193196
351356
982683
241890
291910
345117
288706
765850
467121
978859
874563
525595
833166
569545
535990
226983
510415
637565
107670
757173
721134
189928
338963
760966
216941
350059
311048
842907
509505
962361
352247
144806
229812
283118
647637
393020
314202
575483
639177
216123
606877
182501
687416
630662
829529
517834
628806
610833
816773
284500
269914
959077
733757
341099
345710
520402
965527
244951
450877
480569
599202
194391
196694
450170
665415
688860
815804
355670
915150
712936
205794
760112
838957
165908
418767
203557
710085
468239
455078
218397
138678
968332
267527
451085
465156
811907
391002
773871
151546
460540
839425
435637
818412
227808
465441
421014
205350
454373
872659
499736
293197
774967
354638
689486
863300
657807
605206
898395
292653
349142
372862
599456
624945
263096
406060
938108
755048
200002
858951
730649
530437
555812
957857
945277
548096
483629
610281
138566
868495
734669
298540
862784
740600
702207
672028
302693
507226
325575
323478
516142
299267
837568
258726
555793
920962
294482
329862
601707
800307
751864
874990
386646
306644
321521
180512
848339
288175
348201
599678
566409
703098
219986
957232
592328
131676
938411
265512
813219
830674
834600
401425
216507
256272
468278
324106
612404
753593
926189
378429
204761
821507
158350
256947
942975
661429
286141
342537
569963
541885
272587
116307
951384
339521
344474
903686
570881
634830
842355
678487
673371
260135
880883
563838
874423
117770
935547
285254
421741
697401
720491
944916
168664
361907
894314
311956
894340
417558
683669
970493
759031
986370
688261
695662
925870
420942
598971
632059
206071
795362
701862
732461
114128
460704
911158
372716
582002
398748
661720
453052
310895
522948
791109
657901
759961
632662
194558
899504
219979
254049
577585
578783
193557
635598
896668
386088
218994
900971
656318
263624
975496
561235
558648
348006
293496
668926
113346
389714
909336
270949
584596
740893
725680
458286
247661
209177
828782
604570
503057
381691
925278
528758
346253
653638
521060
635912
748075
323241
628092
238628
657393
736868
248674
259803
798101
528058
997123
433633
674703
167520
160036
209219
116140
754230
433079
469291
744424
923711
387453
906108
395394
851721
405107
416621
722871
718386
213341
191607
152703
297326
900491
324721
538535
762231
846331
516614
135237
648280
491363
684164
316706
370403
480339
389607
153594
355659
342174
409044
974750
571189
410507
110441
794213
343719
218733
153358
254306
174884
163462
267335
652560
373829
178243
357175
924532
483278
641277
415311
332324
701719
312763
513305
614149
963439
751888
160634
290589
172923
195852
902047
747970
381772
371585
572770
967189
630191
654203
728190
374266
971817
285079
450542
268745
225655
824627
918405
606690
428857
705429
119676
431883
847346
442944
868651
566784
253304
743717
837606
620196
479180
200495
272305
436744
666049
971045
161236
606254
836133
487226
284113
965410
236365
700798
535894
483257
989363
799789
458326
965736
307237
330154
331341
503376
759888
636058
892962
911273
660360
355408
967526
247358
893715
847631
168600
860395
254194
723432
900986
815282
864047
226186
622301
279490
524118
344968
538391
899709
826540
255787
452004
119774
564843
554817
