395189
432399
861254
421857
909415
388926
365555
279067
165930
373689
649166
719833
841863
243558
801190
822812
817820
480965
971516
512999
483595
192323
815205
325093
494838
289932
178274
982560
162186
999596
163563
512646
689721
755655
826035
703950
942489
566867
634973
891593
434366
944451
504147
603665
688433
249344
404346
971905
355878
542867
154272
635566
255925
590571
749746
991483
955675
488336
671295
962049
184612
270014
421214
953792
208786
701229
565117
805507
882815
618827
109049
487829
229333
589801
828141
959242
956214
240584
126018
225127
553077
875545
441485
859072
656073
197001
584435
131868
961698
443985
123428
330522
743010
579819
666848
638146
509188
960115
712878
453174
837517
305805
713810
892502
971389
864789
610467
222346
854937
939788
929761
702847
872313
603635
127885
846092
415604
824272
662501
184306
304227
568202
832021
376394
850027
217966
374791
284259
744067
932778
412419
523954
437049
788705
426332
575015
953948
485717
538430
641434
805192
166557
762919
400581
175552
272403
961951
142351
230473
955493
240183
728191
322578
477093
238521
427847
376662
565175
881585
914885
337497
729953
391465
467793
439538
223096
534205
804086
498693
329465
604098
455928
817961
462806
193955
250218
176942
462294
778028
176254
513642
422804
764406
486444
478835
288384
408415
997226
395712
356891
116066
886872
298025
254661
818331
855223
735637
531243
403315
898807
789876
858335
925930
503980
406714
959395
316282
599974
655335
625505
805094
475550
618308
316378
777219
727588
820033
645230
114080
229631
253128
631960
418361
465961
246811
215704
374645
371584
616496
987472
340670
217364
757966
526859
971557
269804
963456
604513
441153
361224
186638
741659
425797
530790
241712
657936
675263
338356
176585
530383
159912
796664
377306
257642
982699
441028
506438
965707
481102
925646
397497
884413
505768
275816
209180
963072
629088
985709
925692
260710
800722
912849
543348
134557
613903
774225
498297
720390
979515
253060
338429
117921
724142
993344
879322
769883
242899
459654
291077
191961
621894
851469
948931
191733
531918
133942
725017
819433
844788
759399
629645
580475
323516
371683
553791
417624
197486
644157
634263
604653
622550
964256
286778
520687
131230
184265
170405
506546
878090
685471
362468
402685
741042
540056
657210
561222
255424
688970
970967
575495
620254
727784
290928
828930
991889
180633
120647
429720
502965
234258
941611
968566
312744
939661
115402
850876
211623
440920
737613
502389
427877
538190
170107
303740
775841
339626
584657
523913
793797
519191
127349
609099
211013
770583
892558
371228
235928
312942
557511
758606
172611
769737
909039
306956
153868
567099
234723
410844
762081
504118
122908
477054
170712
142849
420367
211694
440340
781967
226760
423584
675615
783648
610477
274396
648084
842978
732684
724815
492254
732890
232134
786991
627758
708989
514574
961697
671173
598058
119628
580449
314459
251539
636683
545498
348275
660857
500631
989051
328082
977865
981682
565159
906891
336333
918761
118626
949595
390439
407403
375554
332030
499906
339391
827776
972803
322117
729303
332356
406792
830102
377589
231755
979500
632322
609243
281554
612889
485434
187734
886168
546587
604950
170961
883030
653500
289389
106761
423149
165761
273520
126971
917305
263614
849917
532036
575988
556260
722204
531541
505595
435678
982195
925974
514618
862516
777968
819304
222663
224163
515483
775636
785905
426336
188964
705537
532691
371882
742861
291061
219043
959689
920992
578363
547892
371323
529434
752606
262839
155487
913175
888066
696485
724025
667537
666465
260617
421482
693914
336694
702896
596503
865415
855853
951628
500607
571637
898619
728308
915407
142315
759246
286256
152442
871922
879717
886770
814082
195824
805390
532932
700704
914140
376980
329286
596952
361552
826253
614498
437466
620862
131718
875837
892600
231029
130347
712509
465516
229480
704655
832289
439594
401348
341027
927499
967135
203016
707861
590486
816900
948544
791752
856607
968018
143683
526592
441653
789710
543406
150184
623070
459838
489624
828021
752620
375471
531955
616448
980083
309813
100715
660915
212415
532206
848092
412321
620805
534796
944570
175862
955094
710816
622921
644732
619407
246055
449426
926024
170095
322140
604805
708391
496896
810427
187884
681569
543947
420186
120617
861614
591298
315757
574912
760364
704455
749808
639390
984462
462948
113927
931127
758018
232537
818190
666450
325356
629061
195395
412125
212849
311408
946803
602235
661258
738434
614065
448101
449643
749339
427902
510618
373208
687920
677398
805887
840734
414966
498265
875680
702026
264015
901317
641912
800724
364788
418157
370380
446139
446079
103667
252618
321017
395685
207317
927466
112361
755128
647512
820060
200834
395679
571781
622380
858536
424026
483011
188466
104605
253690
352317
685240
904654
438853
114916
801787
986434
947196
593283
345399
502652
352039
479237
454586
583579
645328
352747
629595
408866
371392
407627
836582
886643
169485
389038
826706
518560
618502
878849
771787
651134
252313
192412
810024
371471
481553
324006
174714
492180
695705
227676
885556
175623
906174
957776
313519
481675
666515
298084
359418
826995
332296
481147
705741
678584
293063
925579
441503
936417
181925
100321
200316
514716
713270
234437
179724
958013
920158
956193
791143
488032
324498
506133
417299
265254
622824
356303
773025
212238
977469
815850
869195
354977
338028
571946
356033
741950
495010
234537
570650
912931
370290
703167
262008
829265
291311
127627
778076
683538
445313
788753
927690
329144
341574
787665
827016
667397
384901
316757
644726
394058
981404
964421
793103
248663
449868
593823
862312
785222
859368
473442
913997
525634
243925
434519
788036
995697
262438
163221
490684
476611
728182
711861
280892
534735
839309
186789
648829
679080
219940
856929
188500
372089
469858
346198
817962
750853
264008
169831
902926
633881
210787
891175
229205
561706
177286
685162
581271
883554
165083
214877
180662
252264
164538
120282
521110
183177
458274
518581
379972
685449
322460
744954
745577
702431
982307
474508
603637
378939
914784
373241
697553
616168
355327
313419
491516
223927
205453
286587
511993
659949
733171
626496
537375
111194
172607
324053
441658
108305
588595
624680
519739
788471
254466
301436
150682
696157
511175
488600
235890
238964
797361
806272
387080
839894
843885
383983
374606
821050
825228
557620
176902
155112
295994
684086
779351
994317
520457
245001
383546
760260
711942
649114
432194
716317
501034
373148
519693
844812
272746
160314
674510
892264
735628
834198
790219
786292
463826
575751
714954
283432
227259
500586
804015
623342
885645
995936
157834
214295
769874
274039
357999
399643
415889
488474
828148
538324
337133
633240
426587
998498
693372
283084
289813
648138
781482
113825
715463
332996
605283
703943
804452
518875
915686
825582
562401
493287
775030
503491
164132
231995
947481
639576
588819
982573
153071
821808
177471
218238
968557
309833
682404
197835
857165
558474
132977
239517
467672
505571
796255
975924
726344
767597
562473
766629
322610
143718
672087
284549
675649
176767
712805
461884
223284
410556
367126
296366
652436
515778
870317
216787
948651
636730
280847
543207
136129
497503
823115
565306
262069
912709
656720
655259
835227
566782
998605
313640
440831
148876
349574
256374
649325
417172
967406
398028
152106
147728
368881
465557
514010
742897
260396
920068
724256
216994
190684
124758
528103
232702
136764
452679
398154
325499
931556
860419
828800
707739
240908
525536
794831
934395
445373
471071
103719
655710
727101
195253
821872
157825
983764
304398
456647
563551
686377
797238
734802
416424
243792
864488
935615
367816
794208
202841
936658
156072
962344
543286
374371
428575
733817
856700
276827
780023
616674
676696
386940
278247
986754
312080
991297
525293
479554
447877
529373
913355
646667
606908
677701
353635
131182
390052
301268
736610
646478
206366
103762
111938
648437
100669
921511
303661
537402
153520
879428
948898
110243
122924
230159
759724
343007
883522
697667
809590
511594
801958
422445
328852
981785
813796
352211
550091
943365
293524
748370
687868
993752
976195
530269
502293
503018
497329
112483
412915
562912
464165
108112
720926
873692
845349
225775
937074
249220
110174
136762
540914
781453
393878
208111
945681
785295
379975
166647
476333
439935
733165
127552
428376
612252
636159
143589
822058
987676
326849
906562
508591
665405
114327
386428
936881
905784
547343
418721
882836
437970
794171
905353
391375
295962
507711
157144
143322
236728
342632
280350
577924
123468
516254
378315
736044
478239
655894
332349
774404
483340
883191
322003
103061
552662
192068
783514
332491
350793
731972
534381
599851
819764
507016
404645
520892
433421
798862
297965
870349
845587
457105
718391
687195
847933
387307
674265
847928
228236
929125
390729
261814
345999
523913
958915
447652
106311
603723
385185
847344
940195
611562
971957
862257
515399
481723
511001
187443
637776
962438
438960
817220
652408
568586
962512
597491
505126
493911
212044
490519
834131
704662
319232
846832
242191
406700
129817
418717
873663
433584
425981
441052
635864
109006
177132
113634
873691
668485
998024
565776
745927
400121
779193
166811
553036
536580
125313
401603
938110
654688
140808
563943
730771
170721
558200
200294
118470
941646
816532
167084
578900
196589
686832
241566
420085
251368
558422
344975
661361
108998
998551
646153
178766
192703
280174
819760
245057
757746
894741
427857
727735
715591
198324
372972
883416
290695
496751
225748
370000
928009
303941
660701
910049
235565
353432
691389
413659
573668
153466
692222
399730
558609
363047
800114
511062
880680
151537
426892
455300
188129
375919
169181
544933
671968
920063
595412
243367
528431
896189
816259
600366
891311
555905
871568
716270
370554
857147
526861
261499
941291
483996
519332
266558
871120
390877
199658
106317
780899
783995
339610
317503
235417
512723
552340
765157
151212
655749
682738
863970
104175
418295
780326
313132
131993
523952
413361
580714
495757
733511
483673
326147
626174
470303
846410
658567
486698
566989
340257
769263
622238
821495
610663
331363
379602
473870
225525
197546
843067
993635
323375
735165
960341
402778
931874
497658
621930
962625
566482
483531
548147
595599
524215
121361
962092
482395
840330
731136
281348
350903
986540
621066
272767
599936
669813
557955
372702
993493
658939
801414
320267
572869
840539
405132
462147
507344
162565
731018
388388
190454
193619
627841
638193
582647
355965
541179
396435
827727
257925
718825
892018
575825
954976
706884
154601
852362
182273
833372
726542
509802
656875
607631
252277
350634
443238
358284
460459
331383
820347
612093
738919
419379
656493
462146
378103
781569
698320
894433
764687
762113
412561
105683
545239
398824
240619
102243
702017
633787
805679
515874
883830
776011
752274
610072
468846
239733
207740
685958
931746
506838
845683
773170
659516
268283
336074
967724
470141
528700
495346
729977
350133
573533
641638
540555
469435
922103
116423
450061
620444
971879
892167
711875
877053
253897
295782
694986
179625
941737
131737
178152
283158
101318
396298
436191
270370
480543
234857
384645
732887
188440
191887
728898
181543
843497
876748
360308
832664
858011
664435
925957
733791
119284
920761
845716
818584
947757
321789
885069
940615
968700
967644
694504
530838
919651
381163
773109
962470
716223
340228
363805
945680
521113
735527
376061
195792
510802
446014
541895
147935
721222
163561
661070
608249
390585
464618
668692
953125
519260
342261
849880
458548
788304
665156
630720
676002
120463
313044
975215
242111
492946
593050
232144
819866
265409
270474
894399
221693
427836
700548
125191
494055
954468
283199
888291
278652
968082
861677
967879
576597
676496
865844
695639
520170
923355
652708
156823
652775
474976
965510
527395
401349
347088
499850
281648
603844
234518
894029
578617
231820
347055
210603
632080
426537
519878
597645
845695
626568
740185
154485
310656
904607
510297
204291
566257
770973
215969
835073
257286
366382
733152
104981
570973
879285
292681
485880
917317
200620
970903
191577
775220
703168
950398
426647
763415
201734
746406
906839
698038
227274
520106
393792
891729
220412
684606
364215
602333
635019
201278
568742
544550
666206
711857
811532
187035
632540
430571
250535
516803
535697
341925
400784
123379
218049
799696
808196
159343
429303
748163
548733
984996
843655
329113
519539
844932
680984
844039
754500
140646
810383
755487
238918
740050
479903
865868
852451
768237
611803
373012
125107
856090
426157
935288
429189
944913
380155
300984
268205
463728
760562
736283
232394
888569
808251
230114
843677
997196
352939
377612
325241
983874
383404
913329
992629
346343
994024
912941
219560
194607
133023
433463
963229
535995
863050
726041
551043
614194
232839
383798
772533
889771
952464
830479
968423
126562
243247
961395
427437
632461
250241
424346
977928
327631
605869
823046
372464
418415
632151
526749
236858
964206
450875
859194
836227
648264
588224
591182
383116
619241
614182
563987
981576
659068
912479
321427
984887
336807
767428
156380
228716
795313
271436
741008
982512
318819
188269
797787
323845
842999
601942
436385
994777
700347
205301
709852
586285
807902
893064
679411
887174
697956
536634
917655
942144
647498
350574
884828
708701
552956
140344
492028
672772
193416
127430
963484
616368
458939
138674
243306
910717
290793
278478
736082
444558
183381
419222
547055
804363
604973
338475
677910
867960
221256
833769
451642
355639
886684
804119
979281
623011
996470
658561
329564
992890
597783
371307
268851
658197
404064
611239
640029
922953
736420
907225
386263
916426
165800
576419
454443
289918
445389
244906
529984
128128
852872
683310
964792
933618
107674
899891
321029
966288
480724
474040
534349
721817
200253
733515
474487
229314
497638
717817
292598
551544
158689
518702
480136
430811
402409
206469
969123
899141
580885
745152
562753
212082
439985
330506
191603
810442
566050
219106
359472
609869
982525
655266
825263
747059
365770
242533
609762
890561
153480
308755
580380
459523
485842
344911
603188
327331
925408
900536
141916
471780
214623
824375
944221
539531
880971
171869
816862
713804
678697
429787
702902
267313
641286
756672
420471
153705
666015
294070
437295
275073
845315
375473
993743
849951
887379
274429
876947
928232
582505
458188
402026
919548
895998
266838
874380
191863
720265
720796
686992
103952
754018
770914
519235
957746
612298
194852
521009
618855
240621
601871
768291
648465
226993
840679
447662
556316
224194
741612
423121
783232
136985
485209
128270
180631
750017
718424
546427
809807
549739
665520
582256
835045
805565
291529
395689
833259
183958
207389
197259
283968
269344
111558
381820
517783
239523
589985
138468
974161
362308
611581
291015
793811
550327
974236
288906
581584
760004
883891
982627
875309
489610
622447
216489
170433
290462
568765
664818
991939
798702
183758
214425
462343
434841
304407
179918
413845
696476
233841
508041
363256
434254
116337
526938
434959
257994
367593
751121
341997
879707
842985
561022
483723
359308
631691
478853
569921
490035
395659
254304
754388
551746
866321
396582
818399
228906
231583
883872
912101
209393
992518
884840
128378
235402
770165
865221
854194
894859
580240
324846
569726
692591
896997
359628
478461
759616
621922
163996
156098
153156
343753
510513
700899
555904
947747
551560
778093
634211
360479
739417
945273
405980
869736
494216
123997
343914
148098
834247
874573
589100
950742
227440
114140
609209
193630
237934
478711
149819
583982
661945
278737
643367
974974
272474
510210
455288
754244
130423
127992
445553
573778
244372
714939
557580
968143
606191
851888
820315
730578
459060
435066
630606
228488
708568
402213
842950
934150
406722
851037
898879
152808
799169
355549
530097
423640
562819
250115
454353
610746
792525
822089
613253
382318
192027
980657
692594
556227
385657
903545
732418
337549
289436
255090
909783
219674
656141
563209
527909
737003
227158
475301
591980
451833
112762
840073
729790
950930
787546
379775
411027
767574
619523
496385
716060
490893
456739
133843
628700
737156
498197
419251
544209
309864
785475
719779
428208
416592
815675
912460
547320
692580
869378
458376
147675
806858
986263
785215
108644
560141
876467
613892
547914
211727
687862
867084
833508
538628
575426
176791
496983
882424
894977
816540
412201
685754
263327
349561
576109
296920
702476
427272
695002
106017
617996
220141
763071
983240
300170
313853
495906
748005
956931
653313
529300
774706
530974
759056
586857
840829
221111
141378
398907
471405
551873
532620
756115
583323
403727
948178
323849
290151
420736
593696
716377
953664
957565
426168
736310
754039
410074
629150
412015
517757
757000
703999
697172
186093
482355
338774
995272
170570
791244
498513
435720
717210
910226
371162
108887
579764
145289
805820
486101
376490
865997
925711
622551
539244
615555
598087
358904
255802
117589
507413
830904
629350
979840
825562
228094
368433
749099
961783
642184
259707
677589
724671
411074
490372
935439
498510
874416
868305
863812
813982
775518
933763
770263
520087
157238
877006
868551
681359
313997
234499
681249
150707
179116
403072
753587
776499
408671
880032
422912
641772
345576
153615
952838
342143
334629
789747
966721
504455
562168
893213
505123
900292
548019
946466
435024
149863
130847
563424
877043
122800
405873
394548
529578
136516
902339
836653
280441
252985
746502
290530
151266
587004
229312
534500
280019
536929
821082
429951
843007
182883
573862
294062
625171
567500
989876
354206
750907
953765
462475
544242
446901
928383
194547
533566
747877
199001
866634
601871
311101
807524
543325
265181
278964
536499
844705
540447
966219
414772
852350
413171
507225
752217
875834
780239
279306
164907
375721
476251
186866
140990
349069
221034
219402
146976
793514
237148
301871
552683
819722
249130
982562
976005
351850
659477
829129
548065
333328
879319
101156
233964
297875
577424
473944
531920
838417
868597
358577
815099
841450
571034
359921
798177
554084
458651
259165
444463
904597
217316
908473
405017
117067
329386
702037
582812
248626
509386
485972
150512
688276
345304
480271
411695
936880
267581
206363
408804
250200
471039
269129
278961
788407
437473
574540
958788
150304
941103
331099
955808
896985
313099
444353
704085
303838
742011
550722
658026
562527
348610
738203
293811
463437
291424
700511
959568
836195
659052
815436
687421
643044
355116
285792
676767
714544
176594
489586
543635
627497
162130
687520
323620
594712
770974
649512
152449
781811
969098
681387
645672
404976
922504
553416
396637
800237
705358
290686
646328
713778
311758
782837
537554
353056
812793
191185
740102
274459
371910
693100
978358
434711
706400
502379
566893
208808
943213
958645
373336
239824
836632
205008
746636
929628
722650
582477
106123
508649
904253
883651
356772
827148
623625
212018
270783
941206
805828
561908
729278
658045
182464
334966
968385
204877
306506
605598
999319
392729
379100
111810
646772
425161
677039
722164
714144
339611
421082
428496
867794
776517
125973
518675
177017
871314
326632
375705
883527
303258
738054
823443
338446
774823
149651
537503
274443
529664
315809
264218
957306
791474
493913
835388
356251
307539
715315
498832
668812
832837
343641
171565
608808
921217
312373
707201
518658
668109
115002
134473
957924
225933
771657
651280
943597
118426
263848
602346
800496
507844
384751
409473
366275
468246
973001
188701
476849
644137
212646
831872
724427
537963
555887
802522
590782
895593
506963
902407
681450
368927
676258
214773
273812
804183
782999
326030
994765
368834
693042
132875
668576
154944
410646
902525
792832
330271
535933
925595
918043
611446
718183
831570
902255
964198
611538
759828
564291
831207
140335
261480
471166
752428
659223
522278
701861
538603
317775
144988
819275
439638
292756
258737
983039
732268
398893
503697
652372
641054
370036
807548
469647
579018
445974
823404
201600
268893
877957
911714
408510
723871
417226
880043
719498
387989
669893
956230
140423
567278
646710
419831
566783
681167
624126
998853
278017
441347
646901
336825
786966
214363
423135
416067
943524
884728
543886
406830
488750
979528
578959
200771
304984
514309
519267
106836
242857
823949
402264
346605
650525
207094
937505
199122
429921
889183
219036
869410
451469
656858
262183
329279
707061
222356
760991
645808
315629
642832
642908
640813
746506
390659
415585
499053
693477
439856
476878
202405
629985
538577
686484
779916
688564
350069
804762
487050
825303
667581
105826
776858
643276
719569
638085
692727
701907
319741
806636
700082
203510
361060
512291
204495
931786
698349
180620
369674
178729
568947
906615
923329
708804
632998
373435
347220
713524
718794
358122
303111
476739
758510
312900
600787
539902
506455
942748
952041
241625
852294
562430
378373
590985
321555
792771
980673
105544
341777
579725
240712
977202
399825
170079
540010
732107
424962
947220
454640
925113
494459
420603
759147
980690
599102
432971
725608
572014
718092
727615
431134
202389
602964
381903
371553
621067
671791
974846
981351
697375
772464
329907
768692
397907
580607
593531
204055
115359
316597
216174
890371
517169
217900
694146
416723
631589
456855
839312
899693
976601
590153
839062
711659
181255
945207
946891
575918
715132
206016
947810
655449
602207
412051
513921
627464
150975
860382
969109
497033
515765
860250
137262
666782
312845
821331
665965
582211
140484
888264
166722
781944
236619
338929
400337
202916
723224
352643
119077
636304
341031
505203
551064
356036
487953
617457
290075
892250
230083
134896
384887
719082
244988
233364
784437
615483
432203
279307
197652
492966
898636
992960
262592
785447
170869
333622
291566
467549
586817
852384
691553
409233
731479
225577
286534
838159
283751
662272
187960
412615
212223
161204
353789
329468
876337
702039
397991
923100
953417
834465
748228
293427
704164
195982
860348
544603
974239
336540
972471
230602
744370
144129
771338
420667
201681
669604
587552
951732
677909
743256
894638
589848
945665
517715
740126
762832
575507
634530
537029
311150
845015
109460
109781
764983
215402
366182
939248
925433
600305
889576
433086
675571
865936
789626
188671
624611
761740
990021
344588
656127
241490
168421
652080
163917
259294
896711
286891
860878
930093
727628
490938
695047
507276
334450
459366
279465
217206
373965
312820
230390
827994
586215
282506
795987
387598
775570
113174
349915
939026
978103
870287
884327
359892
215523
550089
238476
485873
286594
471602
797624
178576
259067
894651
308645
453595
921242
588052
195572
598532
505396
559573
210700
490149
438154
414725
504756
741715
991367
850809
992076
729020
669930
163812
606362
564436
556507
624960
714597
786550
381233
814563
217874
344290
345392
121069
440362
222081
994426
655962
344819
174096
298303
810018
148797
542906
995981
916152
435551
809130
444343
957825
734859
304762
828555
172614
916614
319172
510889
655173
184585
429999
386177
145333
480418
536289
164711
242918
583757
809815
507171
180632
397003
525236
131061
366476
177248
830989
374244
594790
383858
602870
724742
140731
651582
784278
167982
568985
801416
229228
343566
298017
510710
417716
425727
308877
706358
384897
774498
224056
107789
420722
151447
946418
317680
701546
351219
764757
318817
218535
850497
941478
660400
196837
670644
279877
975762
921455
864485
716307
721019
750397
778952
860650
366858
845376
991200
192831
539739
502073
668889
193424
105490
163586
928408
694567
350036
604680
928277
577965
962402
981481
245632
914075
961867
822982
746656
832067
801219
504034
310042
649041
120390
173527
808129
647474
426745
815998
595827
808838
289346
609610
275393
296410
695863
228694
791614
740824
244805
651216
769201
954297
743061
606151
916934
623624
230048
528970
878045
279999
289471
932247
520745
356834
349530
846243
414596
396310
602595
997580
500515
217370
800142
608352
714956
421952
774678
353849
696039
199782
112886
740435
140386
722193
630494
275192
810606
350006
627422
845794
926583
354407
260234
775371
527334
518096
631365
164066
624891
446514
572438
560428
423301
594696
387404
550774
582035
546095
540953
260666
456400
148242
668731
696462
195354
373895
283565
637297
549632
167762
712411
955669
895986
269564
988373
272057
737596
700830
122574
565711
668286
236558
900860
825688
823987
525955
616744
462508
485941
962795
863233
964578
742907
464943
428358
290368
750364
144169
167717
247907
992197
743094
412831
474520
844451
185667
295405
541023
322479
361886
469636
356758
525520
353859
852337
555624
960435
595920
973116
351401
895993
779082
413710
114224
935746
949995
266921
893071
630885
329293
210787
927745
376962
284057
666373
451946
560514
426910
951247
891411
249225
518960
676375
768987
221720
114183
563328
684698
355883
596512
977787
754227
168069
215333
278050
364640
604549
125996
917961
770559
586989
824588
230431
674549
940642
816834
762315
867369
954290
791529
763443
746441
316404
493980
410634
655153
835825
845958
992755
934162
527350
604699
337792
201414
465647
601162
880221
421955
487633
495197
928764
948705
169348
191373
774257
459811
443911
369173
521798
556527
853840
871927
412850
479280
347761
282181
767639
213504
505703
939702
172555
749180
394262
920341
425081
839612
826231
788157
721345
305858
639244
458448
876603
993692
952837
132376
218068
824948
775400
579490
651032
263052
422528
528467
896644
930667
471399
932705
683365
869531
648521
570619
191921
253541
685253
435820
399209
261986
981876
962423
363613
476791
998191
170241
703991
126653
997052
345311
917400
676381
673493
319624
215908
661133
762253
206214
752220
126111
524513
590778
968557
823578
591514
688066
763636
982222
153556
732502
981057
635169
839929
573856
724239
514023
169586
785381
534542
768548
203120
618212
453395
904196
443282
633073
941927
261897
657709
524623
345458
435983
256656
798789
747973
481235
852228
275639
348508
552200
314859
998644
493140
674441
563722
700092
434467
592437
435487
301600
215812
957077
463960
645492
768111
453987
845580
678334
719448
421416
187780
179887
748384
254189
704352
236435
516924
643034
552461
876767
250975
962289
713477
264071
752816
843349
915594
715098
677825
109800
856376
856031
338721
581560
726517
590165
967529
892199
527028
612646
188971
762718
477369
893267
901328
388081
273952
407326
753441
913893
705382
944462
623340
743812
406304
565256
756604
164684
506015
454043
944463
404577
400853
365789
332696
541378
639498
760318
680869
671422
805213
693626
741854
920223
935992
650811
196508
621554
876291
285988
827530
314744
118896
707298
588595
975365
437354
530775
594493
592910
294292
925986
276413
587200
517619
955728
713374
307192
545264
723200
507485
251360
408465
225692
192782
714113
487053
656772
549337
772106
518876
693162
336784
332687
632088
666619
938744
460148
259359
932482
863022
115161
838959
103177
546116
198649
283721
722899
355155
903525
812636
662947
260869
149154
303056
197504
656242
812650
816423
545487
118421
962084
423942
794649
713720
183592
480369
783548
915403
743969
611988
430566
978958
352178
469133
655905
397643
708252
712627
754022
884446
791679
613532
969603
627150
154935
891568
659998
946313
202879
494008
922302
951470
884136
267255
315326
780497
233968
680568
152684
522150
692689
462538
694344
597104
327412
930513
265080
460670
486250
387925
457253
578855
591478
512657
139705
146024
492294
563101
958495
226280
268175
546514
629091
871124
695136
515178
820409
880182
299461
734649
371190
282498
303422
721630
350708
596369
744602
428943
298007
145321
937846
826220
936873
962644
327729
518218
439291
545436
388463
550159
801734
834630
414998
592892
329126
242888
998076
377470
784273
891056
709704
746059
699653
639225
602442
173111
143118
654197
513304
873862
891962
102151
845119
264727
713288
212328
667863
678088
574680
430352
270381
428181
787924
953034
720711
398382
438032
113226
116696
988897
918420
636213
291947
422018
225808
372153
977033
562190
637000
961574
587267
958733
573401
281873
256857
621544
685331
213481
160150
819570
787609
119755
125226
846372
407812
807467
132230
158316
307317
900012
137474
815004
273902
960417
651792
136785
883056
453687
751532
491117
435554
328288
822117
940204
450077
372617
570173
152103
922452
157546
446223
178837
891286
771826
756300
237492
665404
233418
513482
454140
234388
327281
149445
166009
229950
228292
240926
804992
972663
309618
350287
364638
129416
882743
355973
863031
964222
250033
378736
257888
464071
421302
991942
714568
700133
521364
425949
705405
114827
630458
926169
366681
335562
969873
632876
468249
232175
312434
185419
703866
931584
795847
808866
657562
580330
850259
932994
134352
453832
500884
682173
290241
230491
688370
994406
192493
446002
759565
201521
295211
936329
475448
764032
889365
637732
311450
111820
547721
269640
452592
823221
992443
908389
673911
354562
967050
287942
317052
991533
995582
929091
238679
971035
353445
407277
108437
962260
968325
257525
477293
822274
211109
380757
561577
700196
966333
393200
744114
510047
443411
742805
483528
780791
232927
491045
716120
342595
126283
449694
150666
869942
430055
759199
698305
953074
284343
223496
339080
264515
216483
476223
669712
836951
101987
253686
163604
165051
115974
345008
538128
913561
751922
627260
738199
375663
144299
252636
192912
752867
286977
591433
828626
581335
510462
419262
807664
163050
340636
480102
997834
786357
513813
695925
368898
780935
245760
940119
854563
180594
228708
364826
829625
104679
601555
863051
839970
255417
105649
487979
268307
290141
721842
118464
630319
573667
750561
850852
233086
570275
642926
919807
506378
388908
595282
343290
509549
363677
127435
216536
705138
855096
361103
147641
853357
342142
481254
147469
464629
230358
324419
858265
272137
990673
661657
197662
618334
634179
568155
500025
757307
144336
731135
601957
834628
974974
951752
252301
677572
824036
184457
469771
794773
791800
592395
510901
237520
660881
902775
393799
207735
742946
214973
534548
754924
181015
172530
468165
108660
787830
871021
877339
452459
502180
398973
622648
458363
206603
161998
415928
578386
274547
120421
822876
105483
282267
656869
933023
898624
832459
111718
150448
126933
859259
348169
220221
172919
170397
114364
731136
816138
751620
781142
184676
194650
651583
544079
872806
951744
372780
207270
702414
510945
748568
981541
913450
866258
143626
998030
896406
731975
390860
399805
648632
453608
290792
892848
614784
324924
502719
674241
756887
434970
824744
903921
391555
555534
158949
473741
164159
999955
828052
971839
150975
716363
290836
598960
861735
557979
837483
671158
746269
620430
362695
661918
123271
186692
325648
880589
659915
261064
716645
170879
549732
197709
217855
113273
356267
763761
628386
176871
474364
475205
411418
487502
361997
630535
346959
470073
114279
258876
572124
836614
434269
436160
851933
687992
971203
539259
290084
151139
886616
356495
398688
768062
301307
590521
948875
856257
276072
591368
258379
191162
493768
216091
727456
830712
334224
705489
268926
262813
676191
190321
715384
184340
627045
797212
833032
878178
760523
369732
543044
566581
503844
106893
696350
554199
105649
975341
957843
896517
691272
740891
832651
901764
524815
407389
876125
249810
548205
759235
161376
429313
209378
101367
362013
771838
778092
434884
730651
285065
731386
784336
270725
597195
183938
213115
118081
793520
746142
187868
412000
757453
762365
288369
703455
464163
340882
251704
192268
372753
946170
587613
817744
521264
958740
110877
799463
775843
114043
666975
185937
239682
793500
274388
663319
515026
321147
247985
436656
958466
475936
478112
923010
819732
719091
150517
704446
943733
421695
277020
339905
977772
481853
754709
990775
317082
415550
819256
792714
648309
365850
722713
279020
858521
429034
779332
252371
779860
829471
925609
545974
620122
493654
975433
739822
610853
440368
922958
408358
238383
556064
593317
900222
798960
725481
440974
169994
834157
290531
605089
416508
502480
558368
392921
951742
289531
450190
309143
291847
667371
275582
479037
315625
661556
816149
979192
428088
181416
163394
966280
329955
991954
839247
246605
836647
617718
289033
380786
587076
564230
432831
753800
614847
951353
197085
865404
848776
606627
972019
322530
958235
507306
526751
305444
339804
305813
343083
253534
422216
167297
901432
924097
755960
199414
575100
716927
136487
880672
996423
299181
403576
219808
829501
406098
141550
533726
176425
189650
202809
766925
688455
200404
749312
461061
896608
616197
492906
643191
644325
140610
865898
141455
300770
941931
593352
549833
496345
380131
985999
464726
245070
781791
529301
272134
863831
102219
905767
378105
283430
526549
130603
935082
938637
665209
657287
122171
638006
892343
170973
625192
721187
957226
211962
260549
653986
132116
319978
572371
147407
296216
207362
286189
183969
949481
436220
941270
810699
743957
443267
785005
604040
822179
186103
297904
728794
479483
370302
910580
870580
177462
368428
993934
451208
185817
397476
454624
735894
590816
991680
170880
195276
472519
731520
726036
269224
314244
771928
461718
298026
906951
475077
589206
893446
972429
139164
552103
375767
545185
296930
525408
707929
566859
541704
905737
451903
653826
670571
776163
833713
357084
178229
932619
190982
239020
897379
300329
468119
950021
441935
912986
685670
280281
534553
929660
728338
787630
498233
714523
608471
982805
882258
470655
881622
595312
435121
880101
285958
901387
244560
526857
818448
840298
359743
813368
993540
420733
259363
560747
745991
754629
551661
670007
217072
500877
820429
659765
998969
412895
465044
173394
429345
282355
205448
187652
174141
350343
134337
467723
568406
165012
112798
754032
848883
932712
828840
514300
192760
370747
458626
217693
811936
607269
397917
222432
230400
140437
707151
632332
246639
237898
808217
196688
621753
854011
312497
692945
334515
877087
698214
801177
954623
616297
102560
737640
871058
720059
831612
149254
915221
364730
919026
386947
539267
274668
277773
186942
301334
699849
302806
766197
578382
626820
731018
178145
979228
674352
401167
702084
159149
662904
800151
667277
423989
281828
230157
291026
134729
382521
691151
701172
165257
188490
883900
366629
920860
304184
862935
895641
790938
866917
726733
412588
364824
678684
284680
251400
849724
840535
447658
987912
648229
865054
308285
483490
886176
331672
558578
163135
860056
521122
796456
175119
680308
488729
216966
831825
718686
228786
105896
905182
590471
190383
411544
980528
419779
742572
879785
107988
384665
403171
672925
418897
215426
812461
763713
213250
496912
257677
147945
432831
997213
228198
853718
726963
906762
425183
219581
799048
923327
281383
252623
417032
214776
175752
800881
318443
832553
801355
788108
377573
724698
316721
224891
665463
561414
723159
489650
900369
793952
922408
891638
961492
800920
963812
379395
109974
276395
100696
144128
154232
858543
788976
534218
569868
506383
364683
900875
457108
325897
861099
671176
503840
428547
866158
191052
471370
472349
261059
326060
600664
102029
846656
651984
360508
684552
365601
393906
671232
159239
363105
229488
197757
176561
879339
611635
900369
908225
607631
461445
577767
218754
754030
955072
832096
915233
645130
894197
424015
824703
933210
621774
545929
338555
469239
170446
609895
689758
174487
311021
375941
873960
235375
520057
380454
241406
950711
539289
474871
898977
975105
882945
225412
214479
636886
495516
743374
274204
718928
836089
290685
159664
563426
147109
945173
253135
331763
961481
484016
520980
704569
378841
991740
101341
521963
754323
648626
952623
486402
807081
928428
694150
238937
420417
893626
950159
653402
173644
491762
844149
240145
557844
770308
747731
478793
147667
850884
659028
814607
472190
432907
935111
523099
868367
923553
163183
933332
803683
743072
120764
999524
930587
333558
661950
958118
892752
372993
302506
739051
595982
375823
476583
986961
894485
826303
619585
932971
183211
232760
588801
966974
677372
410571
504636
677704
329844
190452
408787
210878
420028
773268
494580
905395
528258
616169
826164
917080
661088
983646
334055
114370
952881
232444
181371
368282
911643
885910
869693
511028
825404
699781
414390
732716
831912
818309
500623
514636
871286
761162
329520
704750
572338
814945
350936
588184
721764
425756
776365
345671
871467
162369
292953
611915
223190
668769
728708
551029
954680
950409
856740
433121
509844
565658
563196
150851
155061
213796
646525
678803
322996
412026
568390
199024
709145
998282
599739
201307
902100
665259
876041
337104
114488
208570
628815
796781
297970
406648
110326
301222
304584
402487
722639
206996
220582
589396
306273
656910
564366
230239
494184
597826
830221
370867
159605
909297
868809
860090
726205
698804
847981
683325
610174
505767
684192
141225
202347
291674
337335
367290
229856
534041
291580
846476
501863
601323
414659
141908
206589
691855
684780
179050
783088
340846
308005
458838
867103
222169
601083
890621
724095
690055
522361
732460
836141
192006
945273
137817
752411
581882
650418
284109
205957
955508
325187
434614
376139
520965
685481
892427
557793
887998
238621
752472
659597
358604
475796
151063
284456
930757
965514
667792
997090
682872
293974
365836
826033
734010
929130
822703
409039
662119
775927
260351
871547
696802
630534
461568
800765
134075
776912
900750
929709
360161
104465
498706
914296
194704
641940
805931
660573
497838
356727
779050
471975
143449
344494
892393
941990
444089
557991
932930
451937
832063
641523
648533
215736
969187
743635
473607
906544
485751
710253
509648
322106
771298
266034
340720
197799
914692
606566
845141
108583
343445
121231
704507
102852
514966
305507
824858
286019
617485
565931
322029
755627
959802
146962
159932
685942
519656
728798
636470
718913
240154
398788
545836
485178
306168
374200
771518
791846
308779
448443
202276
425857
743277
952401
107044
279617
913706
634595
302825
107109
184199
340203
952455
450241
297759
981459
800621
757176
897397
546826
130050
599530
846883
880043
407683
460747
220863
735666
700025
933039
350879
449868
577790
338075
370618
411611
888735
677219
852693
543293
304571
140015
106894
938312
374053
629773
239905
242599
327286
859086
646956
769158
631374
939046
870045
304690
847649
381778
888655
749647
989195
355767
571548
398457
395131
994324
690764
834064
779550
138533
794227
874845
974522
644149
624503
447770
939761
696318
142331
568611
108826
753202
779521
166794
169787
231771
974260
772447
142540
346327
725389
718943
835523
521237
226611
544022
713785
745591
817463
368567
808870
868217
705425
858842
713087
443132
428746
292739
322990
769959
426573
392363
189262
514228
667829
294559
125589
101185
592406
131275
674121
718556
886553
113036
943415
352048
500155
581528
714141
804960
679003
252784
946313
631220
311430
511892
296866
760443
522609
659856
738845
249591
668887
441658
826651
462412
659830
618635
469997
959828
199160
494730
443599
783268
446233
420887
653943
840492
166172
231293
485853
557341
118443
234368
251403
804126
183364
321093
214811
979096
811841
537886
145984
428124
976305
544128
895240
240366
585619
398555
543935
344744
871702
112483
997011
721303
190311
845782
611778
181868
898121
568074
628719
864617
687645
561294
783094
701610
167001
727090
640520
125830
797152
994279
798177
158620
213929
765863
410152
175124
160174
309117
720389
619557
228059
820734
749302
976058
994573
615790
928976
817985
339775
425111
810149
329300
502819
494136
978997
683113
307159
444792
589112
671324
797227
803900
560701
629570
945566
415299
438304
824259
400749
115423
914445
776732
468469
671087
972197
695435
453477
474961
302608
514848
102693
404134
273942
643547
491549
966058
719603
546956
884719
892439
629670
113159
412339
747241
834023
650077
696888
900936
886386
122535
714538
224940
330394
700857
766492
445463
252194
850569
383666
376738
693621
759435
232043
136098
884918
577931
130746
770031
215034
885010
234932
868673
882096
642792
181421
274768
828147
943419
144699
132617
298054
363587
930686
493313
639247
170982
335852
701217
195754
274147
679784
369351
319501
943523
524104
111547
838522
620570
596156
705333
412251
538863
774468
494853
980853
505899
751861
673959
252819
820531
676594
788129
968745
419763
782486
782962
141756
333736
666028
599583
664828
760999
747065
204622
419008
281795
437285
427833
389932
851604
459348
924297
487499
998890
332491
450803
964625
908594
201104
743864
218190
222200
834825
687518
773201
147555
297369
833511
447754
312715
800193
413741
684986
874059
653991
559070
894517
729694
464719
227236
451613
564271
373854
338421
195749
474298
826285
590902
901480
796389
230573
902366
587173
956912
787931
858962
421338
593155
273313
187333
908554
545186
989245
492503
632636
294917
643619
699400
141705
238314
788952
591896
371429
632456
514208
939505
847103
729183
558039
411661
640435
665309
989750
852046
642168
852867
241854
948698
294913
973443
975845
785251
521468
542637
256400
232429
791463
507662
760577
839247
234143
765140
887073
281270
662763
382524
929665
476483
382742
508995
408192
917021
742798
856257
714201
311294
479834
741548
484008
406640
100424
159010
619005
624173
817123
882348
429942
289317
284847
681613
677272
729772
587540
696351
799092
693407
513791
277834
411613
278459
421957
718912
821588
805660
167900
494706
530964
439311
714178
165236
403977
621799
920102
733774
676866
282255
948585
136991
375355
789254
294539
486965
493632
158332
505581
243056
835933
638005
445132
974043
156837
174358
109667
460195
170204
586455
835139
717702
748462
575592
770029
682652
796817
105632
488832
208504
656011
442156
150061
332119
855789
619753
895096
511267
660753
911363
668741
591316
562377
797972
142044
602996
429885
672275
668272
350640
300833
298643
775295
185175
982424
846407
853906
502875
777573
942943
266323
469822
378069
760833
450156
800756
625731
391051
951002
831310
705769
865197
412259
160609
419505
438506
197948
996180
856604
505556
116375
816951
920853
898707
836110
987353
202063
146959
303454
981101
114619
312265
832316
416223
853247
296200
304411
367269
972308
365779
549940
698795
488527
557132
989085
718851
614750
488138
793869
861100
491804
766689
666087
409659
297272
551482
868806
388513
147067
395489
226693
913671
877807
283751
191986
162686
926663
688481
301470
463171
755305
376245
168339
566462
722229
839822
645018
483593
202629
569304
214274
771395
589699
955935
473260
496247
377717
687169
603588
410051
848757
978811
206819
905044
961870
865714
956543
529770
479061
416646
454474
346957
501305
959037
559350
106239
643628
227080
874859
593466
129280
244329
633855
741565
372340
398138
586910
867464
269632
651161
752615
751149
147598
759489
420425
541134
269692
596343
213896
941320
217434
253339
505482
607224
864149
185811
270519
165428
891541
666292
686101
520601
531104
927028
292489
151954
754869
907696
808481
400931
418932
213451
314928
366780
132633
513556
942882
829764
538386
833991
286398
615363
685585
233431
737525
732687
448996
432944
698312
873297
775078
212743
349336
701480
753563
527211
170988
979552
559951
911849
828757
599371
956105
592298
275430
448061
206827
211351
816846
227202
146881
758884
239698
208210
531461
792201
715762
441896
289623
545604
867937
328588
825713
121968
308353
459558
498805
865786
335074
911655
789541
612801
844104
444518
177472
956430
668549
463469
426196
275967
186335
452913
277878
258168
279717
725069
506277
415318
458641
661078
691164
160193
623031
462858
246322
519096
717028
987974
119442
444401
717353
230517
679102
816284
211408
690221
241293
495248
429598
801375
440552
364137
271129
346699
556330
925516
447607
888621
446234
132923
537746
698931
324353
932351
584135
199243
269336
396515
148554
602921
136434
124381
178058
457118
913043
258268
626279
938110
341795
277726
530322
417256
774448
161799
860279
906646
536910
477137
588862
714810
918882
630589
343851
372698
443232
778548
249197
296690
880542
867020
233582
218517
164655
591469
585481
220143
180987
684198
383916
888756
505660
321020
440525
929659
487157
825454
280905
411607
723454
454769
673620
483539
296640
287543
651022
633056
459530
203383
436318
942248
268327
588627
336324
888562
813787
479371
689552
835378
886051
186776
513588
433045
271241
301472
642752
768117
123150
376860
851139
885747
547396
766492
281028
364930
686247
521447
855101
754747
736204
300381
822154
740128
910822
871721
706461
497783
131642
762955
212621
560912
744626
181366
838512
941026
365858
220664
369290
523198
345380
339601
410576
319654
988206
536920
845139
323808
462699
259209
667142
236899
878797
321562
708972
879298
462984
333779
785701
318346
995925
299572
406331
707619
779877
421751
982991
518930
468972
570434
181477
903546
703834
645701
275507
272567
519767
490006
360366
158099
513743
318494
472199
425394
269338
516910
742339
777274
323089
955797
239758
587464
842111
416577
307424
573715
164575
886539
403125
286966
558823
789059
684912
923660
375429
941778
951471
911912
913265
646223
673833
595398
540004
480813
700872
651166
333475
740281
453805
228462
170878
908971
208088
853379
125965
627069
570440
737001
602165
117580
552527
468422
486604
226723
571390
764428
786425
864642
705352
307904
148683
582675
573753
728238
691240
881169
161082
172424
786788
191782
386262
211016
858049
825263
749095
796471
447405
377016
358598
727739
238859
960205
474784
149988
212486
141267
634100
303048
698059
413948
522036
783332
593787
458618
368835
397352
211167
299631
602121
440170
704293
351788
411648
481990
851361
381371
312379
999250
472644
315343
531095
428992
537533
968363
657824
422019
408896
841317
767830
578450
460463
292024
393011
934765
182827
489151
382382
292086
407687
822000
395973
399578
949614
247122
333634
346873
468272
613850
870296
821470
759456
291338
136801
252828
154567
466581
488769
871972
984643
398975
326747
790624
900349
374577
571382
702601
853978
429991
245672
123135
877016
587947
222280
344487
995890
942886
110289
900020
182308
466766
325780
438970
300233
860777
882421
880326
947033
864533
527117
121358
818384
192169
885709
934548
825198
962224
285092
469464
100557
528626
421090
476153
579205
800522
811558
903056
514386
753322
805737
742085
392654
487433
635855
762685
391533
801341
427648
362363
197690
463255
783511
174011
812542
695036
184588
552153
261432
404928
840746
650803
186228
361130
229110
264747
308763
695138
578982
256665
677833
498712
532129
970222
113128
840552
456623
726372
755764
747218
604705
911686
428926
930622
143396
618356
851344
483221
443116
853542
983637
595504
185787
965866
526016
593368
351429
591662
587623
952060
429215
534590
916814
396577
181775
811936
388166
714123
498435
949665
532229
755801
749339
984312
857740
774302
878375
749551
203254
192398
262791
717420
741867
497638
384602
644557
870496
776501
568468
716842
173018
720858
707097
170516
632666
863190
819912
574456
966584
107309
897583
692889
558152
489729
507853
394314
961845
410858
402102
554825
603388
304565
385314
737543
409028
569242
993471
918463
265322
546521
789497
358771
495188
598199
504401
443603
900441
743866
863671
719111
261257
250590
174030
563277
676480
432731
540222
950702
714414
988922
919653
114311
116125
101210
508344
401696
721535
589383
993250
405251
611852
659303
988739
860048
106227
478466
451442
666493
663303
613025
479630
359605
487829
561831
115532
987902
998014
985467
444540
775857
387231
875847
547434
261165
889326
193427
319107
356771
169091
709004
170910
157431
730672
928408
434493
121240
898844
888730
963138
993322
801964
895880
409508
228140
109236
630633
891765
481973
249992
107170
237149
226945
845943
417054
732857
137185
656853
327073
279230
246966
830396
857795
752720
230270
200454
710982
852602
989020
545302
161792
391995
332282
234128
539052
554815
918334
902379
880397
848618
352814
821294
584717
498181
537121
288050
986142
115236
657350
721641
401500
607840
859289
328055
425659
540466
141571
912421
869979
816357
206044
338556
999034
160006
212509
883171
511569
902125
208991
626851
644973
937791
962437
395188
198630
228258
404472
766131
419268
192593
533177
899652
194929
548428
355762
824249
642211
348159
630861
522893
188002
348365
424582
205930
392845
383806
425041
148273
712889
843520
734029
589266
645107
337135
247896
616003
622676
942648
619358
538531
675087
714175
977627
792312
580682
502502
483897
877333
949367
290545
460690
665378
392803
392600
978961
860098
757601
752091
526573
688549
193638
606369
109045
139132
267273
465206
677817
524455
756392
802372
380832
162750
403713
338790
123784
504217
985315
754172
511864
601139
567453
773118
805490
185163
608106
577894
890842
765565
136000
653712
685648
804735
652389
904493
552302
566739
347834
992483
358145
213577
907725
635798
396361
946267
184138
959539
719766
558682
150882
682808
986684
748463
555005
310846
290521
439615
318525
718604
511453
637972
641265
624789
710380
325477
656523
566487
930539
567083
315116
776177
434961
469431
248912
849171
884206
920167
475312
160835
631851
637454
590427
172212
160592
566949
246845
391061
479003
867730
896970
978016
870440
704041
903493
463114
815952
503786
927123
197729
654215
314419
586823
695598
313340
215101
386254
329288
877555
720546
869846
868191
865172
624994
687120
394934
855948
451880
485574
593786
109797
967369
805797
392372
868350
428633
881774
422457
251955
494814
309075
118955
822108
279458
130583
854161
427163
217103
695368
728496
936047
580201
540732
241530
205564
596634
757086
295340
596137
873310
925605
385339
283427
732799
738003
876100
844053
924906
903569
448767
779341
296795
101687
800799
788582
474067
569510
319097
740712
415902
553748
681423
451906
678871
171188
337189
216285
823997
812180
318344
481326
575972
249905
452521
452350
480954
938965
608318
197337
789266
844330
453463
809961
367376
932245
873626
992815
989550
394999
648923
437486
601221
671199
125461
934915
808993
451571
697475
400609
738602
204725
727949
456248
370625
894868
611013
838605
874617
947790
845529
724780
590137
789075
645916
546678
171067
291282
628283
994439
208492
371708
451105
232324
552143
326265
599036
296996
319991
840282
609580
994535
211386
931005
422816
414867
806977
133972
745443
717385
825232
934053
341414
439734
952198
193737
458686
910186
475942
371664
331783
188235
639504
816106
108428
280687
224479
423170
492454
154292
199627
137230
502857
794513
694015
900854
418526
738559
779092
142948
501463
224018
845732
746901
299431
662485
284188
407304
728600
150049
268575
703301
798075
417187
907036
397278
987509
105391
650155
869015
481835
763189
586338
937521
984022
396035
209641
238596
893480
979167
626495
667350
602347
390127
598293
101855
909679
812954
289382
542309
347802
697942
549772
161395
735174
696981
841720
248243
866616
984560
819474
566043
639399
890304
307947
790788
716500
325508
429125
854787
637274
536533
604307
852064
984156
870582
994276
436797
484340
586977
866243
467516
371342
925100
295422
983520
108612
740224
592434
113751
641189
289427
465007
754352
333816
451295
118295
959472
462387
515659
326902
527247
967116
371481
336240
508963
775912
432353
282462
357338
804526
804752
674316
670730
418618
325086
114742
341092
188701
297833
175683
554115
492293
614979
835591
268736
229725
478839
922989
611587
308095
242943
613600
901636
862179
655589
861801
430939
608781
785243
531610
258552
178390
313220
798235
939204
882487
535534
819998
117909
218238
705815
264169
751975
976689
452995
719561
307558
278594
243924
207050
953016
277479
777276
337565
128577
844144
490021
148811
112726
940321
687358
627917
450994
370893
815455
100691
837676
919554
123791
271465
913388
103069
101457
215907
262265
418280
326139
522053
744528
799066
535184
863799
863558
949266
849870
458013
877359
886120
572207
874629
693131
195163
301757
255967
130260
387034
830688
867834
873885
202889
541694
264442
402560
189173
376406
200298
390473
886830
524397
532744
887671
783000
623397
490649
312627
290211
534986
789819
898853
802107
303606
765405
218029
601805
324431
436275
534274
647559
588150
808482
840139
741508
909555
441312
275761
131788
656339
910255
872608
681245
491658
264954
763617
619910
274773
197897
170974
790094
564983
387479
898181
556129
830917
777446
659120
725715
486021
630440
312054
625977
153654
812073
342461
806701
161621
408088
225287
736152
915431
252753
513522
750149
668146
277105
104945
716389
548179
316489
553506
799016
433172
571253
456387
515709
715671
273433
866468
386265
600886
989323
361384
803078
277093
754193
405432
619679
625141
435589
245370
891067
907314
565831
645467
423542
952275
852317
869219
328707
949216
343177
707233
987385
882875
483395
439750
293408
956473
874227
884770
269490
649241
317930
868220
888435
405744
271485
436496
880776
572406
779046
402236
423054
584370
576440
730987
695621
311437
451894
135016
760390
684908
679087
117957
138661
357059
154690
766718
605663
987512
927095
966287
702015
199147
953256
173868
541351
372721
944013
466425
590781
684486
814124
540157
718604
805952
180163
761668
255689
217449
624548
210890
355671
599193
887749
821225
174511
551553
787779
730563
945808
193133
461552
143048
609760
581542
760017
837312
529577
505830
580749
966138
101556
506282
186580
875914
379901
458314
414930
483324
570633
356768
543284
366016
359945
444809
754783
192419
424991
241031
261325
984694
722627
936397
597823
381875
959967
932899
772488
346525
534948
122050
778939
254447
619480
434693
751387
953422
134278
257187
102219
115008
442172
804768
879889
852985
559969
571782
926314
218630
408414
579328
252713
273388
567358
359350
338501
334974
576567
909826
631531
615858
241779
330193
999460
351512
212993
424532
445844
792581
876971
900177
250908
498876
425014
699937
378812
280759
775335
460429
618972
796255
900983
452117
402025
743193
782853
132521
997886
731544
536401
949657
788958
481604
317157
747420
703393
453704
679901
335915
933617
900433
339456
945244
797270
823546
910270
156484
909553
910841
676327
587072
155419
408915
179794
449072
849849
412656
435170
490350
301373
640531
875306
726368
518650
204965
766582
182469
383388
986701
401578
104736
495871
912748
614084
146609
347994
348900
304429
216256
983565
312090
113841
156079
526949
422491
552074
736201
108940
125858
227746
718495
299251
159218
270800
708994
689838
634856
993975
247483
967295
805834
513214
587267
676883
637739
384274
353088
407097
316170
622391
751072
224846
774661
386775
585895
898844
443302
508413
736042
263237
524105
339328
857190
309693
289555
222264
344413
606024
645313
424776
777950
949822
226629
648019
637702
239252
948619
207716
791677
875034
286492
355086
535222
455998
217688
440398
677201
953057
648751
814179
165939
794802
654528
577946
459863
857277
183186
747226
936851
386942
756180
198983
316588
425847
236704
536055
774804
181259
225462
716632
636540
464421
701371
253566
110686
590001
459630
862764
471355
913999
716840
100582
572869
570123
750985
643363
455669
239055
799619
390831
389551
299853
883688
704766
200500
501646
900365
974386
657056
941592
758627
889065
710396
673336
701718
626754
613735
281859
139602
996473
705090
650597
699455
862303
910336
830225
466183
496824
579957
965693
747066
993005
127565
371168
446141
952253
131495
549810
825242
196137
661858
716329
243982
368814
207542
365053
245479
769867
631733
628531
679320
508583
500285
702906
123736
663827
905929
848856
863035
519678
890446
796442
795648
110501
552363
711394
536980
419994
682706
854699
340214
918409
935835
736296
701837
267324
414651
888713
834384
481218
145560
319695
651543
471930
112461
274313
186413
260609
537184
581501
204001
241514
274393
770077
369530
731406
186744
663375
660198
892431
150981
966916
370938
665727
802381
116560
753805
734353
388263
806648
868198
876846
831082
563319
564209
852853
583277
230091
736543
272693
935146
234970
440040
963101
435683
266223
721756
702450
959291
726289
757227
408371
976575
182304
726847
901997
618196
111945
993079
217085
542238
355934
840317
991737
832568
208847
442798
383661
571791
348893
593699
350130
748628
338804
562246
226232
296304
410752
413211
859473
476332
892078
181734
487144
491795
211513
149735
269401
874172
945587
984217
815632
166224
232705
438827
812438
720489
435423
107039
421550
859457
883838
484424
501424
478761
395483
672851
521469
954152
595573
756360
784632
267833
420843
717295
892107
238301
645942
870173
318050
772148
865947
855192
715495
263336
601520
720208
723499
283272
667768
418679
713038
622707
468486
802736
888138
567115
232066
861360
753969
963099
459105
708206
977109
400370
305350
973469
713660
814720
816420
567949
435041
603850
825171
527765
107094
991615
707354
608502
608206
437967
923652
704997
674249
132619
243347
786289
774621
195999
972856
545670
238778
554810
284906
720897
250595
211785
135944
619748
534685
405810
172421
851668
406692
744219
599477
195134
160381
927994
937701
515634
828781
247060
408704
238870
484047
654312
331570
687547
367754
179059
317914
225117
800553
825830
887479
123144
726265
584857
659115
168788
221338
315933
381758
557977
238132
498202
644814
126179
480711
781631
570418
206730
260913
881833
646874
604103
509659
258218
758605
303236
794731
484510
703943
312531
828093
368230
717259
439816
870793
766742
622498
237057
169642
128921
840525
202835
366198
430110
373719
305916
147424
277726
832520
470568
733112
719668
773010
778653
794402
491533
691618
388905
425908
721748
387185
138689
677847
869517
799459
486993
257032
350299
461489
973458
442715
349355
981138
488095
535796
509992
941190
387287
316314
512660
866679
647330
582430
223720
525647
391744
614659
254049
747990
514051
497068
831257
420734
238032
218296
591213
445637
517998
874206
922029
225497
970476
749754
836072
922746
748133
309033
763690
786148
121194
426146
500356
494433
793082
660585
501683
251225
854279
771947
879435
699186
164836
280800
532559
739270
859179
356213
277628
560584
411163
928156
334703
149249
846269
399844
377483
534199
218114
874645
945851
106316
646696
323076
766563
460487
370403
887172
326650
765291
328895
310166
548789
948694
907913
587712
567218
491163
556775
272556
227886
614059
575086
715963
831173
766946
859301
229945
793375
648009
664986
433671
249409
536445
515698
271511
741360
568604
400418
713632
618092
540843
188604
347207
165129
212242
747219
438577
830602
162808
693334
932464
358039
851322
405721
656627
459218
846372
476656
230754
924182
662047
454450
160291
564546
570069
366583
761973
245213
460168
189743
261705
775029
999158
340638
272741
454284
626869
546695
294616
651644
440147
920226
462783
609616
597577
886221
608816
773770
215741
105757
413810
295911
494331
474470
937585
736656
534238
912718
381073
275923
211776
373343
281603
526382
879975
835163
265133
529247
463909
648421
541509
980317
515490
914287
963335
142231
931307
130780
329601
521067
327482
351924
756027
533719
632031
609177
299733
337668
441875
503054
426788
753001
136100
749983
608006
522249
158542
115473
105812
708262
382233
628921
142088
221943
794272
570566
669938
440649
550229
669501
905949
833942
177587
362959
485640
637122
683965
561889
341753
492267
389675
549255
161582
320862
983254
327531
721516
252614
587008
868676
561750
319379
625239
512129
922072
469874
978792
409579
416534
977641
488163
103296
929811
187581
999378
556475
765853
795804
714952
280652
441762
549030
621602
568454
114976
494303
335456
583542
905621
676945
934015
882482
829973
426393
481719
314033
752709
305192
494993
478570
872916
905107
927194
967913
274414
467881
823396
670645
526376
247012
650428
732003
965417
912877
996936
223784
928655
411974
440736
851357
829140
910791
962031
507955
828721
894659
602378
979553
908890
126269
479103
514320
833375
510455
432905
529903
767109
306441
201709
614616
155345
719337
724079
420210
428702
860689
124370
582851
142721
306510
704609
378475
905335
671814
460985
199148
555642
921088
151187
791650
669642
565616
979904
273164
215333
246674
797906
493223
264826
685001
893355
382584
326371
878000
134511
667306
880357
434967
109508
704764
638946
762468
191606
423376
213912
984745
557680
913766
918579
712221
169036
959556
161476
999281
303017
590529
173830
115266
393649
229576
961802
437053
920218
515259
182695
477045
559095
787157
609669
114114
121743
141201
458954
228372
703480
763208
763522
137629
540994
752202
204101
686121
233360
863199
744627
268685
848418
663466
158185
454266
719751
848478
897414
794763
221627
404940
330727
959702
922362
309637
985151
520121
347584
818662
899887
218948
904820
390182
932227
934074
267051
650094
856737
903555
137374
833668
483032
112361
390701
163491
441877
930803
438347
865711
108666
670103
238236
674856
159065
972215
718233
867705
190349
109829
644098
689183
873611
414319
634765
206432
629969
106419
104453
449555
490140
311023
583421
206374
930302
145129
815088
720896
718999
683048
819506
124144
356581
155119
791009
899394
795234
662441
837549
759760
508415
376878
342522
747755
318763
744927
339331
556098
303741
293627
400547
521082
303229
359949
338783
514005
387939
482970
212216
151488
493073
884057
552191
921589
354077
196650
211153
525077
538489
647042
230292
815187
672954
971667
756603
573027
244694
960462
243814
173021
250459
394380
120251
383710
854600
114273
389022
564442
978749
453236
851777
715051
460033
556820
588630
359431
326072
208339
771838
204175
466878
240114
752754
575717
649508
573618
200111
906666
243989
842696
925555
465844
209654
415223
504840
986135
537602
730024
548156
823975
632552
165152
355130
188365
738894
971498
414770
531460
783488
602118
558669
420380
377030
469235
508878
676685
424263
600627
542656
351807
657624
425898
498047
451727
979884
785510
530060
104434
574925
635351
385771
384047
221493
944990
146288
886461
872875
941933
558705
156361
603246
126717
199146
338870
126459
884839
782706
728254
374076
280177
886481
812998
415711
732769
839095
859861
330627
351135
170394
492884
704300
344215
621619
674292
191395
745680
512075
457780
321268
860769
550239
626525
386810
253431
281073
163802
437362
943855
804218
414367
455358
646738
645880
984620
773887
412484
960895
133728
774762
969306
509461
369710
158460
396838
110238
495520
616496
214962
782284
531752
626063
461120
232035
905195
214300
559051
144188
743549
121012
864036
940040
550388
334477
966715
242628
268682
145170
785661
509734
559746
382742
781335
690598
481395
379824
398212
699451
741318
937616
950387
574209
144610
709320
377563
159620
337596
356759
568993
506654
340138
264223
535221
212174
112604
133001
307424
713671
544666
711079
164770
681730
496960
259169
297766
430256
577017
146340
810367
796205
937616
271499
398649
662028
245245
523497
173345
487749
180098
809890
255035
484032
719188
854788
869322
332578
394936
994274
968228
538154
965589
488994
236302
179515
963510
833201
789821
196333
344298
740849
872285
629407
171574
368061
784507
966942
305557
754717
338851
244152
702007
299798
615340
264482
276546
994983
262850
427433
996099
785683
362717
125468
899939
109634
362629
244569
557849
510888
553240
318899
378980
209743
984499
271609
705919
914985
765081
175892
931901
564387
708658
655065
911001
956946
290439
832733
717716
183015
127548
480959
574297
553275
884666
735454
992337
553681
744483
591374
383276
690058
116538
972795
201031
387190
991023
389792
282770
911443
855387
604086
836201
805191
316445
516185
315899
249129
154984
772920
275428
707360
499228
508868
117841
610896
516297
822007
465642
613656
474736
575062
891770
844925
822874
428607
444630
579069
272552
336511
862875
777460
715031
107795
295403
179229
476182
219529
573999
145979
652017
736270
292196
142505
455568
105837
196249
204886
301909
880560
685778
364167
563981
807950
522066
467565
329767
674338
200626
408887
991992
155677
717537
106488
875256
640399
702063
781571
605885
261726
800797
131768
227772
350799
510929
307746
610047
775819
131580
833514
847275
908961
479843
349580
737938
464746
790751
160197
457867
495405
137256
975433
475691
937768
997928
984843
253391
555358
250096
493386
791653
152608
989247
108075
858506
231342
716083
456805
854752
151580
671998
753282
626610
135148
231714
863703
942609
377649
114596
124275
294292
289840
672911
858005
643623
956346
636494
590691
581259
219215
702193
417283
542059
819038
578447
248317
750032
485901
296351
992955
359979
141838
114068
555700
964890
548286
578615
248370
324911
382433
217816
364870
742780
664449
150009
373415
374243
787986
367407
161228
517442
748589
634184
621275
116996
286491
302979
250206
326760
207988
251284
499365
669704
741466
788630
390260
512743
717706
227785
924046
123561
121090
767298
313658
394164
126438
630509
121300
827042
455276
547315
964183
440255
342767
467625
119753
608888
490433
405651
208380
335884
772454
951466
186049
300468
525536
524295
217212
769494
827325
442469
581123
898405
457766
771100
436005
873442
235242
509368
530200
622674
811648
598376
539758
253652
105456
524391
744206
589731
412373
741670
233403
168519
552660
302207
131574
688447
845844
103526
189048
860546
760537
143178
907368
594933
628298
546077
142271
517787
424233
288271
773752
503223
381223
198344
513509
280903
825886
236541
365030
687626
325716
183638
756669
609638
714457
833537
169271
267872
525954
551925
144576
165305
561711
174825
925756
728735
858421
198068
473023
975309
320088
237317
374186
610518
615613
436395
805601
945333
282697
157520
235296
616121
287712
367058
863240
978929
179853
346837
887298
772453
134701
801340
414506
360377
614217
387948
325726
309170
688014
281569
348789
492644
781894
657845
706441
433395
580834
617496
935522
563581
956602
642076
764781
635980
833278
339138
724408
843135
887606
679191
408088
579753
598513
111896
825207
391584
522826
393088
632347
506040
595478
432624
667781
133713
694874
838083
310368
101332
270790
238187
457767
248980
946010
164892
979162
487533
521581
317986
406254
341826
251709
801200
364232
752295
153127
351887
444829
537999
223782
492631
541570
355664
769048
536567
932041
657030
876383
874884
527969
795355
978242
166528
757438
539811
142909
612551
264779
658433
787823
256370
800236
297125
640180
349685
670417
795004
784811
826331
905281
366030
407697
681682
205080
361647
799978
544422
928437
404563
632643
411376
231951
955761
317261
284566
355621
978483
955153
723078
470947
186623
729824
186483
605943
420537
860773
706958
195220
338117
561119
305161
818359
737775
551597
710072
586177
865080
566528
652636
851071
778105
727224
856464
111847
581980
973271
807560
906255
946988
201364
480124
579911
261787
870828
486424
282137
922503
567283
176253
586918
181728
756007
237720
565474
904944
732111
310270
696007
773284
651650
686453
192301
798236
534038
701647
712857
656617
752448
399237
967848
465843
336610
896834
338119
264094
733190
604026
199376
802983
358520
889821
845442
115313
562868
667353
777438
646554
809787
342610
421040
921750
940015
248500
154587
718918
917408
937488
250620
130033
350199
515920
302397
818125
648415
433191
175827
176710
460121
931624
276860
424172
310273
829505
187831
717589
933250
951246
790938
475602
300501
882234
820614
843043
369332
667173
824784
542799
682988
729072
114314
152139
322263
893222
345970
322641
366278
928447
274465
536748
352128
272029
129583
186928
934428
956105
985155
656321
128409
439963
653412
298040
815555
862876
910210
554884
188865
281596
790113
234429
488650
931725
758658
865936
992812
786646
222492
923632
445058
923995
541466
332957
944525
269965
705013
542213
169059
432396
646308
577889
751107
873885
380833
513883
781251
918500
577996
433634
876656
229228
195061
117781
701867
952796
652796
102736
818392
523904
219198
859262
497025
267310
764134
505977
154375
491285
612570
275691
593441
132734
177190
553214
683401
267125
886022
332737
935268
738525
154448
817928
484873
103381
212308
730407
278530
161922
614915
891606
129049
467978
516024
187113
154562
673557
370796
169308
262290
770904
539783
892685
990638
811281
841764
364280
271863
555399
801349
907597
475753
237191
135525
534907
546610
123278
433815
976023
211992
311479
273253
729644
226338
561684
672877
346847
455486
422414
362568
358913
688386
530616
786770
648782
512448
272229
138317
742711
152798
478670
485776
106694
511482
126523
709944
301856
202587
775951
957981
837833
345033
401133
807714
503050
297249
373493
529470
779248
182789
524613
954324
326541
246604
313485
351226
317118
574874
594287
475494
540989
223147
352895
209498
843559
798518
637144
327258
329315
829867
841425
820783
855434
484668
980663
913265
118463
865330
576039
385420
155787
996141
502099
215571
512206
685883
399617
686136
125693
612026
955845
756878
679555
269051
549252
136499
395368
908721
118979
506047
663391
966416
299228
527673
667102
557808
120056
936030
564098
190730
823762
627704
746717
605207
501917
441498
145589
126274
864316
562027
708626
862411
245898
259241
510690
584868
785492
333942
303356
920082
852392
132905
615474
697258
445768
750107
182087
813516
507269
961337
198802
860428
119238
285045
753432
772089
375949
768121
745630
757689
252761
401084
200888
192346
277634
598306
602855
277993
289498
827755
888667
139823
790035
873698
662204
999771
723145
427294
385564
583075
134316
197227
805966
521617
883367
797720
871732
958600
315776
489889
643289
507990
623225
337190
362292
361140
162663
126785
798300
216303
740515
842815
336782
975289
554512
739688
151515
284041
685945
781994
928946
569622
526029
124505
619921
213054
989205
313973
857526
240675
342403
616213
386664
197027
802686
151559
696972
440413
299834
211494
946639
207549
829199
134128
560101
716342
869327
832002
309068
633664
371730
984160
853576
458642
828625
618444
444307
322105
404206
930918
124103
854573
963917
510179
502500
454750
840116
410614
715116
484543
373461
121220
435313
197760
806407
638042
153278
795198
145516
331405
572045
762345
118717
396685
595130
705419
215046
144291
885015
886118
814840
984950
384608
697767
327717
456831
361253
932239
793981
148217
155718
766498
808729
817728
830163
143120
747475
230256
609739
439686
639172
176621
688376
331855
818954
536767
747833
110629
288257
512434
769527
608887
995267
308003
356746
369221
334278
770615
604463
249099
118003
276761
875829
963073
137538
844490
602125
285252
925601
408398
484112
886841
177956
988980
179803
453634
334343
782575
620419
356836
165431
188856
952138
571955
331141
921173
572843
755848
342207
140445
143125
740007
961538
226787
927868
172498
220042
114186
841816
642975
155308
774384
612894
642194
614010
290376
987233
165616
710419
849925
106965
453553
366422
670772
801588
744274
307721
911021
788819
204782
782931
116832
572518
239512
711361
644431
440244
777732
575951
497990
574126
160872
940432
710155
536705
703535
590617
786558
394621
130538
890781
624892
978162
611532
869157
640171
795698
230369
481798
763057
610861
461595
442353
195121
923583
582147
968970
122683
658036
955646
120856
455285
460673
586107
150529
252211
716228
972581
634191
209569
648239
435557
223405
589594
696849
304618
560670
405001
557290
669019
746894
157144
630505
211915
430502
367442
204414
112412
476804
165510
317163
196816
751413
977431
517580
847118
838588
165303
234709
112982
797701
894526
