670998
625200
908382
214637
524608
366154
696470
814210
951311
749499
834968
696890
316189
181097
873238
872093
870988
726841
629195
357026
178855
981708
772656
310829
788074
511220
810383
579884
734213
233763
548099
603836
599643
223722
877680
768595
826464
305930
654554
504043
660565
417230
704645
253715
809411
388139
370911
189584
688449
307101
384312
850540
814671
834850
212433
259934
844131
836756
111957
446730
649838
142943
265458
438731
943599
440892
604522
506060
401372
161931
281155
593147
981907
317780
288834
753944
636619
522629
749252
224708
502552
531236
709070
475362
484343
670880
151144
564704
990993
461987
141621
918814
885099
521908
793388
808827
602784
511787
327821
215421
811483
970292
883892
846232
519480
906117
249680
284891
851105
713771
623932
538042
460897
317701
332862
177431
620449
879229
612240
338145
950606
130563
220734
889164
304661
315552
252667
471709
867497
290790
578602
597376
520161
191203
997705
576172
463345
681807
181160
525555
769391
462225
915453
579157
279927
981271
777531
181564
596570
485397
959269
943996
763936
113500
531780
829551
837636
495581
473600
311427
692266
812220
144184
480535
506459
487891
296350
848936
457970
171364
186298
486552
178077
784169
875241
544251
930190
864858
932407
463196
127632
293074
668621
211000
992736
241818
715279
989697
691031
184590
237936
181724
557462
684451
397069
590268
456480
423580
243752
344384
378496
973628
570680
729067
195060
816941
540034
394583
532516
319128
917190
936784
452317
145555
337281
177026
501532
638752
822301
545000
881338
978618
355840
589711
344689
503485
984020
359900
936769
678180
830012
486404
888079
591268
838258
572126
706194
542445
472780
445981
647453
148880
350966
732512
229297
115217
635835
208081
249158
338587
634825
270090
606132
551820
343105
516608
581606
632603
721181
586402
719028
521976
894268
204801
644965
792238
657122
682943
334108
717645
448686
287223
164498
289533
693838
547409
431394
985431
826709
976278
827546
232829
119459
141125
996954
771986
491476
929947
837570
458847
597293
474353
174384
423863
955578
804719
809795
203926
388969
101062
216091
897275
838713
100716
665938
419442
351578
239665
104596
855449
577883
818532
444881
256564
260328
225784
608845
379505
742350
266211
183973
191726
452247
722429
138513
299794
869579
362991
993311
684130
240476
323241
667129
428762
808066
415947
418345
165457
852115
734225
191127
366839
659124
922790
860421
368403
161526
491488
404848
432526
300860
800149
151657
960959
446141
507518
899665
686324
831110
326912
411087
192180
967750
136384
696024
168891
797136
370488
764338
876121
515232
454625
597605
298205
664138
859168
644887
827275
929133
963625
159718
571338
795125
652804
534103
242156
752818
902762
254583
173992
482937
658829
465410
493789
922739
795923
539734
628514
548730
387829
430258
715963
396412
414363
282060
770397
940956
394129
888605
815718
340268
384119
859979
695839
208631
343635
296624
558953
860700
252741
666285
264445
440621
696721
809067
117701
476413
901841
942941
282320
453396
942559
789562
224794
303520
617341
869431
287030
104312
231962
822174
451389
589067
228758
718062
158441
267395
292044
306846
182526
270076
138670
565108
286411
424733
526932
929520
474446
868944
718167
714239
899791
529604
493574
535108
686151
610755
225183
152602
574503
506363
366238
616664
847391
188043
361555
917886
606856
731388
238718
930644
992080
111912
921481
609326
649176
103094
433607
371909
846801
792941
772156
502887
959910
787067
695400
612777
953837
844235
378814
185127
251722
466480
999708
129557
110191
334045
205408
202059
788297
453218
970468
137088
462654
690663
734404
647406
742442
923912
229567
406495
316855
915814
854025
436515
690717
195491
640434
616737
760894
884470
406819
324769
345983
919465
759064
137604
272988
185168
225877
995659
173698
861711
531426
899312
261624
226815
263750
324375
808482
891069
349859
627250
128310
648496
345511
192080
375559
584574
148006
155357
905552
327404
150954
969915
608410
707939
369338
952171
943711
186638
566557
102794
851284
463964
732770
966395
450613
563613
640161
171114
671456
689151
604764
485020
276028
956365
746716
411216
504438
433093
849213
713339
624688
815583
617108
783476
891080
526910
272599
901679
368119
638338
136230
101189
327725
513041
895746
346719
258429
765216
477119
228801
817529
237270
676436
499881
915808
729380
986234
999151
706651
827227
703890
751660
932295
674388
608753
616901
954713
742905
194087
524173
317370
141237
454418
752211
969398
448794
701806
126214
786835
967839
605562
278982
360020
272439
378863
393643
234111
615849
310832
146681
172014
487671
948376
972645
780637
812588
763331
791298
861008
981207
930681
100799
677358
362566
235116
340375
361614
309657
622052
436710
817853
641973
997745
569712
643395
912059
632548
104266
448117
420860
645631
639062
848026
616923
562426
239540
590477
287952
969567
503474
911748
109410
246997
791320
779810
466458
134644
113390
868783
619060
692926
798855
678059
146212
470799
380930
769322
946289
992659
118093
802703
437512
583229
933146
554283
333613
994946
786239
810706
439734
585582
398212
734565
879425
725336
280114
443908
262619
317943
185745
216200
450066
868528
920838
633008
735579
264489
816798
219120
949607
310476
591531
922534
374847
775383
142551
864898
585335
452820
666206
397561
457862
808572
183512
653135
798308
729059
854250
730537
808938
387512
608475
857949
468411
190674
479322
228847
382352
855225
585588
417757
736625
723753
396883
623001
412935
980659
974591
467724
470144
466929
630601
502600
506925
733893
294635
581234
612458
107657
683377
935824
957471
857523
698962
846136
792838
248168
442460
304226
226142
243538
579973
632190
281664
671298
955839
743848
775135
856800
675709
882297
375534
842158
790524
405878
453271
640911
144974
301742
266227
888693
283013
719144
958852
403110
986707
919382
709278
517327
674125
285559
652071
530263
583434
895160
819101
962055
610043
674170
367747
568927
315788
641271
695831
681773
707059
732178
148195
781338
413359
752994
245930
120324
983492
107008
788999
358687
216110
320305
492156
200448
308340
213811
878952
909677
544138
581408
399988
968763
339589
738460
246427
998871
601708
155815
475261
723873
430057
371269
672360
950837
468368
978140
723686
731088
369183
400787
760395
143423
724805
241489
437884
396450
999632
718475
758649
575030
851584
241223
172488
183689
746192
966408
500463
836412
875256
520581
295950
864232
355600
758288
968153
812134
906626
245053
335975
251170
972378
747712
175450
609757
909369
666240
393998
908244
968023
506648
894248
106585
789539
482310
742267
993579
478282
915901
576399
551667
316652
425905
511062
993506
767661
424439
818675
136413
360884
199909
150734
578013
387824
728282
179254
142837
673904
265245
588420
110279
331635
880902
110119
441553
468969
346040
397274
205369
681288
980515
391342
806859
470953
390942
204780
716429
713664
942545
191605
576113
128901
521664
301113
679559
294104
912778
112208
241231
203906
422579
743809
673126
443068
930575
809698
400610
756726
883193
516139
290403
688625
110115
537432
256727
728280
474489
789738
546231
353701
165109
658426
313478
217821
677524
784382
155858
170032
968796
963447
817429
159007
602399
183386
444425
692194
713383
210742
122481
124220
191549
938510
681363
619230
459266
592131
593662
302375
405609
963835
437950
469301
968239
847012
932602
487426
436811
570569
701061
369162
165785
639441
743431
168273
190452
660865
316881
605887
727742
271801
296551
274296
290999
916064
448836
311617
673386
479908
585414
641172
732197
176480
652047
648260
488038
529599
358598
178561
573912
528767
483667
328690
387841
550626
598861
460890
726542
407060
811075
754511
552784
138929
978033
574190
568072
934529
306889
182539
913637
362039
844892
317109
204948
668200
413326
181233
886740
657609
304244
214928
357966
443056
140403
411747
392687
253884
180785
142046
253610
189104
406248
888617
599222
587803
995078
892721
872581
661262
716031
144381
784854
803951
647480
841635
950674
962916
857831
753200
199435
354652
277663
683381
405124
502086
752534
420046
124748
520678
453726
978746
242516
269233
254455
785696
833256
123328
442888
588858
260972
187245
434465
341009
953726
214961
974835
963441
926310
409292
474276
614614
852186
832369
821847
849680
608000
328481
689215
517318
503897
806743
276073
857365
868792
712494
370320
788657
767856
628377
506192
397269
550875
748523
734361
688202
961217
977255
309857
397358
208503
610760
439251
467639
826523
860321
549754
432297
962870
512907
980742
464994
597514
709017
112728
461007
899076
131840
403407
440602
740645
346627
965459
451868
728673
553465
996767
660885
619872
484964
670272
640583
885033
377057
429017
369682
115105
524422
199049
553264
859634
556576
592196
961761
332073
596246
196651
580030
702412
484522
562813
389739
571269
134844
744700
986951
439588
294672
975959
941404
522485
568026
847346
668422
854158
719931
805502
135967
744850
206835
462751
928118
110043
291734
828008
144211
383625
497745
612972
850735
929341
803519
939106
372925
850837
905643
937341
568490
169626
208405
913997
878063
227734
326623
267603
527952
973096
580330
343575
155269
760388
388033
221297
747977
287236
306932
464224
201254
743513
814412
202133
465307
102908
631197
626319
330577
571689
604597
287047
115228
688126
925249
357758
207979
998828
438110
818378
591908
795899
405494
689384
230209
874052
127725
985959
702354
177235
672122
681127
157002
314817
433645
641307
414150
871025
234989
328107
732706
560515
972515
504599
400901
410355
285750
492810
819598
864039
669823
484408
642665
250469
280977
685472
926597
952987
224229
944918
496121
869010
856016
391631
657183
388551
664249
922671
273617
342098
825135
860680
654340
792689
870489
374020
772686
139173
860543
369483
443318
297151
747047
507855
334781
344292
219484
275157
138266
841246
894694
341268
157904
958304
563307
452744
141522
196879
986606
576302
273392
145359
718368
453751
605623
414304
731920
998752
664041
173834
731306
154662
156531
783019
934999
582230
354545
302552
543760
408406
268440
496130
930659
217880
723075
588067
123001
685236
908785
108877
714533
509760
104338
548668
929997
147051
638717
720659
657033
556584
257046
820731
534801
884374
303232
352604
161088
342205
879240
952558
444370
106883
723705
232259
367948
586766
134792
630533
698334
963492
500645
469689
651870
795953
419436
437524
706025
827254
821995
724820
366442
960236
482922
474267
326527
861086
417287
732219
102425
187897
770314
658306
160844
740480
286682
618699
414820
924187
409392
927925
652845
771228
378886
604651
828799
443673
422604
913382
293802
239974
192501
691696
309657
220026
542746
561692
173963
103775
159700
935118
205984
832392
952052
506652
221479
676135
292559
993345
149589
587679
829309
283337
823910
573892
502931
805495
511153
745613
484697
443575
104357
580307
860825
363199
185932
708494
452942
701838
814781
331207
728525
154357
722120
905228
114642
733972
870143
504063
901497
337682
865022
852867
696532
224437
730326
672191
662581
693874
946102
435300
616981
696743
379734
563398
877086
836810
231207
745205
103009
282500
197242
772173
851162
612783
514726
301303
965747
503520
908996
622447
874561
501946
809020
485624
645743
960679
625777
107228
506340
567150
911672
916250
900713
304712
368638
183155
783818
101835
447177
276638
511523
665735
367360
324027
487714
734230
776618
864398
279005
852113
512636
981387
207591
752355
603628
263206
515155
169089
292668
774701
481463
380089
902830
253828
752371
974380
804097
674154
863143
152285
258707
545780
744803
473257
941341
476285
266075
542693
279842
707068
560146
895076
925172
352978
560961
879775
688872
393965
865496
529446
464799
981250
342171
461252
190247
986651
351710
723822
331351
435511
489197
121556
672674
968179
944833
104941
721151
418005
246684
466479
199898
371910
843826
628903
719532
464729
190339
345160
155254
438717
542285
156032
147490
424860
783336
281988
747126
261984
903157
935332
204989
585631
224519
189758
366283
164606
210714
898673
333699
700664
968732
517340
784797
258086
456068
106892
369197
224104
218541
116561
469014
637596
844929
471526
110151
931554
928388
559640
123181
981222
534339
150735
226376
202592
514924
366732
929714
604656
557521
497218
678297
766903
703161
706433
245380
927086
901997
842731
205325
584981
978556
899214
433195
426132
598489
204578
289801
383714
604365
448267
174414
726246
563872
166269
431660
104895
995290
464155
816915
530662
255142
742356
199317
895428
565583
883541
541980
268370
237420
851357
414626
486456
597201
105015
436231
601231
899681
370079
386650
328546
375384
679781
600354
629919
537681
385545
419623
398480
526770
537215
702823
622154
270407
968532
158733
562148
674935
940857
943385
243456
211017
877116
726844
610249
840255
179702
478266
603476
286319
892501
640071
590569
736223
611605
791251
746672
418513
362638
728307
442890
596276
482024
125460
728500
336938
702975
134111
634297
104995
936363
125446
423573
258401
312799
813295
801963
481664
568193
625319
772565
293579
615025
101507
679069
528289
232534
927366
836861
190879
809570
116011
519511
672422
579457
662869
907392
582767
340338
916587
808504
122003
284765
801869
120327
231443
652190
448299
953172
325183
913185
961934
737382
738443
130672
174633
227487
225039
306698
970137
731286
933855
906040
400217
157823
423933
577430
469087
949999
363487
332299
863317
728597
168227
997542
386858
630074
936842
262308
470424
573644
500446
440180
484661
312448
164344
985584
478528
476599
133400
701365
280339
733562
724109
887447
617052
619454
449864
102848
780831
908838
755095
673977
764962
161623
731815
882816
788366
726592
169941
263595
812162
250296
146891
167193
931131
162026
297176
694721
546375
697317
267583
540360
731715
346846
297814
189533
450395
334130
102412
985908
859966
400686
335701
107586
451523
172655
724281
612292
976012
130249
784275
333163
664662
553356
515199
948493
876891
738794
740815
206031
838650
490667
790844
401865
301461
920764
908102
460307
687984
301827
865317
585668
840067
575707
962025
625262
788139
866342
692326
296249
864849
933566
496918
758940
810442
546091
745403
764092
919543
672169
338453
383372
590717
704796
584087
202642
915373
494359
891324
862059
396304
358416
676355
571551
241962
440091
328646
661083
610680
747961
453846
329624
696923
479092
292455
409831
414613
399587
316719
110550
323459
832103
479625
212649
880959
491961
425147
428812
149891
694407
459422
734893
292949
192407
441513
825789
901676
616985
634065
256473
595641
714559
176360
230462
473328
849783
394564
862290
249755
408330
281953
900349
149350
495929
167832
985813
767609
743926
195865
498448
221271
955375
836058
903001
948112
589562
617205
325488
749126
413737
822134
652143
249042
297016
698372
595657
134567
414730
939204
756146
219362
838058
945471
875787
973373
856130
975942
413991
429305
305078
970076
205235
650274
666712
464844
435645
727451
809308
280974
155089
129286
787007
554996
341827
544631
982505
284496
703332
533319
348337
885146
826893
730443
527058
251938
855639
783522
400291
127164
352460
167610
589429
663996
354220
131015
363927
609246
920718
627305
198565
452503
881324
105189
387095
339079
538801
364045
482390
461628
489376
428376
233464
112189
784425
806637
867761
514435
795054
697302
312387
669483
696365
456698
366821
419375
357051
543962
350201
484263
826161
642250
371265
780660
107027
742699
336965
471365
969411
368373
134896
531684
728207
298771
469382
565022
869154
859109
205615
516968
191163
622950
399391
797021
506177
442476
914744
487826
925471
892832
398198
842316
448390
974174
460380
133703
526279
285650
969910
234300
986740
154924
858480
784838
586280
837535
216670
407207
115790
450456
342571
889705
401228
537529
311664
209647
322904
786954
931371
712247
976241
471078
968779
181136
992256
243041
471431
961583
397602
552636
371046
963246
790783
605957
317694
222561
121679
321145
544896
529575
653211
255489
655006
594972
899596
223223
244823
588607
775828
385191
766795
449289
500547
592205
852839
996794
238886
399258
306876
170245
536722
389178
309656
667006
741445
726476
451417
515874
781802
693669
521518
704209
133331
233323
990253
986112
331417
374030
400778
761693
869603
999448
667352
936138
521979
207808
260096
605817
857965
553692
668488
348490
514492
964204
483332
820100
668087
124285
840728
304020
696427
618161
146389
696820
565154
644134
658036
930624
287681
542880
105408
270888
718727
439177
937017
341560
756743
199334
110599
190040
939282
937594
991695
324251
955137
651233
113738
572776
549383
820383
328885
479571
766294
541640
246503
533990
232271
491711
413369
247265
856339
221108
367227
919055
458099
528419
396106
634021
174221
350088
554535
920465
561264
490774
294403
961773
538175
981298
381766
529980
519917
298811
515511
185432
670285
191870
262373
751582
782800
809810
718197
242686
438430
259269
887649
158527
875030
173040
798758
112344
916131
840166
925739
812441
319315
566461
551000
344022
638851
123635
225846
829703
367160
716763
437709
348006
963573
110715
616811
886493
949377
297385
734610
878740
980687
340855
788104
997745
377388
206691
919453
115887
469231
296417
189057
187510
188710
129927
833086
953978
444369
124988
533803
695657
138414
529007
518111
604653
317964
566708
922184
550780
480522
638077
692949
567635
703154
330622
166534
872221
601433
337869
711470
664154
623657
826917
855292
988823
783160
277919
376554
420799
369066
263900
125636
338011
130503
835078
809382
854533
162770
847482
133666
479858
468534
625538
734142
502111
893265
821269
333011
946635
563249
834315
713781
267900
100631
409057
198090
206613
840428
858301
630692
608869
153608
787661
501763
666676
719206
627949
699694
740113
805860
387250
217853
379841
102733
360990
258952
682739
824543
202780
783954
875356
916106
726221
300776
257888
549216
235239
437907
762688
998099
172100
784639
582786
524486
413607
764217
565760
733604
728251
936387
374414
522419
624341
114079
726772
900786
744363
360313
630956
724629
984624
641850
159372
472280
353508
329986
771101
914458
935564
281929
429796
150651
583383
785157
951737
846743
398617
327850
711859
355083
629533
223133
273783
388705
290980
196837
524648
112181
101700
722468
157709
875479
677405
296993
267676
824370
109940
410976
659926
943957
522483
695711
140992
408219
990234
497357
756339
717480
309037
612309
464465
191214
896352
366510
757198
952506
425659
751802
303327
633068
348362
709102
984801
357300
559386
740369
819647
387989
308478
563241
813072
989435
524811
682855
317282
417485
388680
169981
476099
410132
575049
805409
202046
614370
479025
128841
699694
690010
519118
451192
646408
387379
942911
727044
583184
135192
299198
788179
503310
956940
274588
117273
980533
171427
453635
420972
704623
311839
345225
328570
894889
410667
701678
940370
999547
681214
173066
630830
742674
463983
809215
758386
759822
563641
798682
409392
503772
808685
507677
121919
466220
719865
922493
813713
938354
399481
878855
771022
120206
400064
785576
538757
863284
258763
476556
446126
711758
437468
848356
413562
363054
965964
958599
718029
493798
362219
196501
788699
957628
191054
945985
266656
717966
280802
200254
120700
506988
967127
113316
890654
555843
988683
951047
205450
521607
211706
791068
347987
864809
482623
250680
836414
441523
635592
348394
392616
671399
580941
528529
455923
558107
948201
363524
861186
792208
520009
259971
694479
701183
150971
392771
997654
348149
732945
580994
244795
354493
826613
290324
410620
155882
122500
176836
921801
269870
249875
821624
510054
482175
245849
633259
860609
699014
236175
995006
909630
692246
935129
535592
297663
215361
399413
239547
788565
532704
679452
799634
876351
409963
528701
496406
121755
168057
372008
505357
824548
901686
992802
167435
237366
536926
634382
439562
723709
465835
237536
460071
765867
449237
634099
502967
456931
770044
219494
341305
506969
871324
542187
756964
197287
315711
668922
797763
529187
791188
807628
723710
353410
168934
132403
417562
636608
394874
712772
776402
481015
492769
957452
179427
194553
161994
136980
391290
293383
794748
398953
360406
926104
867981
397048
215247
402666
464426
186155
724440
209499
688767
635024
970966
684866
273361
579362
846577
473270
953428
485584
164954
433630
820986
501378
906428
475112
243515
612964
899592
390319
830356
990079
476459
482844
554147
430452
454189
527932
536495
504701
862923
268206
923215
953602
402249
298509
870738
122911
413752
772216
997311
446718
639871
817569
469609
118666
618055
638157
776605
284821
251406
321150
504118
246798
159200
478933
224114
258284
506376
455844
774338
365318
844328
384418
169856
332756
697133
290626
426392
308919
701629
968615
410305
586545
710751
412851
471335
428299
647966
977267
701820
114876
971758
904770
553063
744963
910932
384829
238305
604194
343782
973569
893725
504537
766468
591724
552075
844284
534101
277502
564379
180051
793343
842532
650858
732433
928512
475419
232752
274771
779596
741406
691799
173754
315803
885721
675245
491645
855894
187591
374995
656420
256518
618839
982743
686981
311519
431472
558456
440744
533152
554833
236290
705311
789416
124000
900714
783409
736621
485996
544335
487895
983874
839521
688646
431365
985352
882898
304240
695179
263250
488965
831771
680790
383873
690550
455539
725497
737537
492973
298838
116873
211464
398692
155124
972219
414870
372005
179727
416240
955403
437761
979221
613563
170961
920615
641112
355357
461333
168177
889681
397522
246402
502489
870261
319697
794849
517656
190612
358992
441916
470084
338040
592203
864994
596663
703095
824408
160361
931716
108079
406713
728768
992722
715524
332179
676718
583891
485099
963649
536087
776175
937470
676770
242511
337723
726290
148701
473645
744304
746430
741193
762999
262783
318487
954750
193340
765959
846230
511301
235626
368303
306916
747829
100377
918972
267802
682218
523612
196057
607654
500293
236647
169411
491509
234026
814002
496654
353926
261056
563057
946074
490771
468305
726553
350813
551541
678525
215324
824289
488323
733695
786214
439488
622072
851599
118737
454170
418889
152980
659274
150161
473414
393121
726687
841536
810802
989802
718739
428394
929882
788453
152964
383032
197393
145642
449907
786601
346869
964793
814709
972337
555082
179047
883738
719979
603881
576556
573280
632916
665086
888909
609967
934991
776622
273085
695564
367313
158123
308656
198891
677503
120996
187295
481914
308405
168522
701870
701516
607768
968610
199125
453989
325847
860417
406878
748600
505646
151934
260409
114361
409431
232495
194814
211404
758819
952518
930468
699531
107890
373373
512942
287696
571453
378803
213688
433162
913406
733788
234493
127498
726292
623200
985020
619897
399257
688086
653163
108127
720963
776501
920893
579364
144263
793477
756904
689536
558420
344109
152228
981934
549370
211089
955950
932343
676313
651667
277019
249875
667521
115706
625648
425096
191566
692493
808175
773034
737328
235932
941520
205144
730839
901354
906568
223408
412825
633866
632530
540778
240483
113197
680775
980576
947781
418905
905467
297711
438116
944258
931718
625836
326748
430613
107431
194228
262518
468518
121106
543521
832162
907469
867898
614406
101909
816870
865884
373356
943819
457723
382257
678266
258560
804568
107805
508854
863219
476999
604184
230704
985709
193777
730265
673211
456817
558028
242860
267901
425091
211905
788061
186163
179319
323795
489911
923979
328117
267681
959317
603341
443052
679362
295399
632340
918134
427309
743677
434932
933351
528302
331063
737144
729586
841728
829892
532258
171141
771342
271017
840743
935976
797188
878664
339944
540330
449798
162001
195778
312470
563883
379457
830407
327086
558018
890552
152359
395756
668055
548303
859580
749213
738018
856745
986405
979681
182201
897306
264011
121505
825567
983593
886230
142743
980977
963407
278878
881157
499675
935163
710514
448398
509577
312409
843112
923895
430257
711329
299675
465002
800187
332279
666315
212882
415488
259247
683265
947281
532193
598299
802232
525157
347173
464010
237795
843815
463146
319430
397438
375818
798114
717278
194989
616877
878729
594456
269109
710744
510030
432701
134350
804745
495720
312144
399333
818069
473942
638933
610863
282752
680802
586997
939797
322121
925678
874232
259824
978327
260190
145342
229309
129715
169120
184339
570200
908179
860597
294258
780814
437961
343670
562553
188726
678037
672333
412814
368874
441216
354112
382739
573583
721141
220292
607393
239868
700408
259880
995849
726901
735330
689033
256605
431605
591490
283850
540613
718791
642866
450063
900941
649975
704076
703998
620716
129114
126972
903788
762428
736383
911990
438895
820412
409563
941969
638498
581499
763889
768694
374328
810406
684177
653371
104054
171820
527011
886736
449816
638861
359115
651880
140520
867385
262502
140985
476991
143807
853994
229620
899354
782051
335927
294504
286782
805480
658041
360588
266258
878544
268328
708128
716707
582902
297768
237939
527308
204381
482196
234613
808071
369113
151902
703351
875750
436450
200084
657015
725726
690890
614767
848585
324006
932047
669618
606371
724742
943448
288991
152202
440028
432663
413342
776192
770808
461952
360409
955642
843613
126143
794527
433478
507514
921339
222271
973317
353058
602728
899940
490028
762782
985193
799355
763701
253282
765547
622109
943391
673684
116341
865943
637832
472032
155629
469698
465293
637663
638923
612421
290542
943895
828753
196620
580545
864104
841479
980349
527052
408810
928154
478957
982842
426876
905934
951514
620741
350370
356149
851976
628104
912848
364869
720342
742462
878296
578000
245534
603596
318890
143194
169120
172364
731378
305260
101094
840945
333054
931600
598068
365195
809841
837631
961906
365940
243725
971219
602224
154026
509583
568290
212519
218924
347906
343584
843374
386847
212142
998925
251687
985904
118806
540068
213138
932579
980675
936714
979422
833671
348312
784403
947391
738349
913985
637905
215995
784508
107548
925135
273936
518577
655060
858450
869617
620549
725444
998633
215908
248477
499773
524147
544028
599722
296654
865829
240329
580658
242686
250572
760328
495306
495976
135988
914029
278682
209838
585106
526544
358279
907913
691444
133719
259457
481951
333182
283395
780321
629300
749364
485309
225549
703618
829697
979563
284477
265889
488873
655003
253606
231096
424793
672460
569902
831475
913856
799695
197045
263360
548819
204144
307511
268280
263978
253675
887925
575114
776832
604516
871859
762394
583125
652728
399133
771604
678418
968950
136973
480364
980521
266787
404998
433200
486386
286352
943633
750378
954531
902596
404132
205164
485580
889933
188069
665389
955834
875688
193502
441288
755423
869079
503049
120635
731567
863278
849783
741194
345457
971471
650485
344266
400235
992726
368547
693244
288856
956637
346877
938251
477369
631307
202272
322873
268982
556398
313307
778242
796401
542474
121149
730270
138700
871971
494870
226428
678370
848541
111287
483369
582303
259234
562754
929136
717908
775002
153290
839374
817247
828365
668625
740623
556026
382855
261807
967697
627421
108230
896623
436537
699493
947333
701688
340182
403704
172236
281712
425597
661199
337906
590251
981255
780771
758589
774339
778231
685145
775868
400642
964660
953542
806645
737732
425804
552911
235720
319133
305214
692766
959393
923478
630654
670130
205287
466990
862361
896251
799635
113222
887439
925534
672033
431586
114325
958541
227592
250170
270842
641738
913497
754157
902145
186758
937536
149675
263659
432458
922297
275620
298837
764596
867325
379806
313398
992102
367857
651644
377443
950231
535910
545740
442082
712922
224805
472692
552077
867987
517481
557997
802429
307971
412932
851059
955885
304237
585448
358739
100784
243067
274604
590190
662179
359066
539969
984089
324215
999648
996631
337988
935379
852515
998008
809379
892826
914166
716811
510733
318398
570314
506304
620154
663429
758846
798083
198027
526347
321577
338832
271967
421549
718531
752877
775941
764550
681634
694429
656333
499839
898324
816061
747571
247655
424183
120927
768119
179832
479645
616289
283694
979921
760462
378134
409212
281837
902195
152700
439763
642833
825844
995577
817186
325620
399238
311484
478487
565068
513792
866963
984248
911340
456494
989058
545847
607980
270213
617730
234116
316443
904100
657468
997241
593919
892156
129406
897683
382555
562847
800913
474367
127783
465728
580961
477941
913347
437411
536454
325707
728079
480808
104355
262358
563725
986434
884537
870298
971724
726749
311767
135576
605017
310093
593886
262170
658188
125493
382023
610334
813386
682997
851010
588586
313241
998213
150601
742885
147667
844809
218623
586783
441025
954518
361364
284691
177910
575368
985642
879418
896750
906696
413138
212672
848341
424269
930065
661879
343850
188551
512893
727793
888842
628865
927779
131751
903627
574846
774966
999608
787704
328501
876552
826983
102031
286516
360528
147190
345318
532202
681929
999624
603338
327523
799359
770377
245173
549116
438966
610776
693141
374554
705680
561465
591403
476649
949567
778563
856294
468348
716285
474227
495387
100189
315203
368490
528369
456038
458352
968374
942235
622111
494297
587962
306438
466068
752033
135369
707347
152724
647379
434154
781732
399095
618985
648683
402302
753575
882224
796493
902513
276836
527163
637810
906128
344058
193890
163772
873099
978560
588502
287530
470830
929184
800267
185052
787912
822823
548360
372190
810266
379019
123530
773853
746425
560233
353899
215820
255461
924186
831083
706878
670379
290402
386524
922665
356951
385926
858109
779306
516206
971590
121755
586095
696358
941624
269003
311322
374479
430667
573487
486582
745914
183163
475176
729687
822929
137972
864163
169394
869131
350347
619474
922597
882376
977577
408010
545187
434555
807390
792767
684086
156171
510574
245524
328686
898950
112405
375136
555042
923411
331596
968008
471930
330522
736642
921350
451067
462745
586503
669168
774866
458846
403495
521477
844573
946857
137893
404466
484236
631840
513124
201005
563279
103933
868439
511032
125261
569714
721218
701959
313206
785376
970489
166313
836948
244312
544294
460207
260573
529654
340083
261553
184068
691483
415975
516777
402434
492188
932003
327910
883718
758234
903745
886683
294981
177121
772141
630437
869166
189799
426585
714888
138748
192562
216693
451022
813039
414184
272909
402550
634936
331105
611336
448161
787538
613262
715687
532811
817818
941585
142209
325907
936635
619984
695314
952771
161453
757740
487518
534817
162097
837237
119903
219499
698837
149181
913203
224181
187654
871097
493421
514354
303883
415878
816033
533873
726633
399928
914633
539839
457601
173861
570556
804165
719415
378496
142352
240234
543198
785225
846093
832334
421275
909688
327795
104115
955308
917312
674508
329196
774447
487944
333642
899721
696124
270175
701122
193147
623934
719288
647225
474513
179445
862718
265898
551069
913241
885802
194641
213255
232233
916268
647545
117899
708077
664415
731188
375575
124326
775190
912135
470115
318842
325374
972924
114448
417571
432529
333609
473105
142623
917336
288131
252729
854208
494042
924144
913353
723497
339963
291311
507571
180813
787385
517409
145133
298825
318824
886814
206217
843187
730469
314744
332388
659607
871782
320790
575829
291718
571442
864889
786452
326436
222101
458935
486450
903974
672317
578646
467554
520573
621344
885608
411879
412780
485033
279398
721390
889973
691473
584977
858974
516266
395608
158426
660814
790896
132507
464165
681287
477781
438760
863943
517259
489222
991816
930032
210239
144856
513178
613013
747999
548787
106026
982335
282312
657970
340098
534690
256714
804997
865052
559720
251485
221648
427656
975433
901218
606014
294105
726327
669959
995691
767561
535951
504288
283958
466549
373062
180293
480840
656947
235541
687882
136093
516214
200276
212612
731903
233172
755103
535207
594194
609885
102400
382448
266611
921439
262371
131492
809826
721007
690609
677661
444673
905931
794328
193032
978499
191388
937398
257578
399625
466174
555149
333932
480891
937843
781126
817772
339430
222127
661851
982300
389629
594830
537514
573247
290002
608544
123717
174873
796338
591035
964994
799728
935533
185124
934452
424265
258026
601376
718332
595848
413506
636714
578129
513530
693700
933422
809800
723985
127260
446046
304037
654306
716605
523828
148417
425082
664471
782315
812194
250365
622744
221305
884774
405405
804635
353896
780636
250251
659051
355555
225867
839085
678260
325624
617662
630469
690136
776338
647811
313313
963481
748105
712893
563405
472357
626364
659953
307406
833915
251520
711307
143923
659099
539033
696882
166610
318335
666163
898215
456229
161104
980119
498955
136864
960672
319480
331879
164441
916587
488249
266283
463985
741943
260851
705723
719717
933701
189828
923037
845342
760912
969994
637662
704392
572290
478712
251457
188192
363096
603508
177284
435230
487257
272403
782964
983925
595324
320371
783898
215584
896516
122107
891513
916760
516639
148500
535865
737524
700444
776728
946953
497252
184749
703026
250700
488482
432073
172042
229519
298139
823597
580629
932060
262170
372856
456914
660475
269798
149809
780384
588926
978741
112761
530027
197543
660841
668415
634545
159678
248679
894611
559988
536140
565100
281838
929356
221688
369428
542450
995194
212518
994110
643262
214951
202822
877795
436331
452521
531450
484343
733852
166996
453927
815940
202460
902886
736029
363311
376715
852565
193826
155816
757428
484211
567923
766961
766281
754874
621907
440976
729992
406086
943507
557763
323450
173258
903172
663870
159626
905271
922846
621942
314040
453225
323105
268887
795768
353966
335674
304652
944303
211923
263424
346790
556951
600309
125069
458001
489334
313149
516305
918133
195314
406530
786163
273327
402821
953523
843915
962568
782288
184115
610393
107400
760076
846394
632683
525486
202797
317003
806934
937939
595076
637121
485726
132646
576572
951177
115789
318920
558389
335497
961697
287312
119760
159136
308518
479115
758262
636222
792123
421530
431694
515797
525991
660405
774108
706820
525642
768909
183117
863139
712292
819353
458573
462340
990029
955003
745066
349897
357920
690361
379794
656113
427882
520170
479057
989013
287740
632756
843092
957993
747880
893044
242355
954459
398482
728300
225393
891454
209230
713973
548033
280856
148122
441774
269357
615285
434495
616816
604436
801279
969552
618499
970088
608940
119834
633171
411925
163135
199095
205017
672057
463786
584105
588366
370262
167141
880769
185775
409205
296235
356327
570383
124954
755556
909097
340409
302138
541058
870021
240285
921856
468749
519145
524262
540842
562079
537577
924140
821513
643926
833659
329136
495721
775901
876318
910678
289896
445259
847821
476363
153094
437952
655307
685720
580982
648088
718085
561528
834690
692113
399131
357353
171079
152270
212867
244136
896396
813312
240261
701733
761535
145861
399018
282933
369765
239572
604567
229692
959431
235505
245351
519567
424078
949959
226533
579701
996092
631736
356937
318257
132735
595919
739736
374455
825615
326441
189896
440572
205835
177972
114681
231743
810115
814639
875089
997835
599714
981122
403110
519252
954498
492057
297798
843584
468548
751816
325074
775996
654592
704586
147265
116739
915389
532999
797741
216769
503752
281036
445177
720350
962125
701544
277167
691354
224111
125935
730368
603572
390863
982146
299117
957687
374111
218767
390972
971950
398368
967810
909741
696337
232049
874991
787176
344504
390360
841566
588711
946952
221430
701116
219576
415469
535707
694817
374857
811077
934210
664577
100317
135041
967959
950511
566161
278911
438379
292407
950575
886899
507031
300954
121041
312086
114853
802322
799767
447144
447718
775446
234678
706454
766064
182281
591555
624427
834649
993807
101746
543665
230070
869937
373922
933386
378744
220929
302745
968449
874201
132031
169919
120446
426443
321540
601167
720196
183952
395584
366734
348790
169613
918169
249123
638556
125378
414749
861150
737361
830921
739918
278731
723547
666428
723397
234744
626401
674414
496555
759701
653984
325457
822641
730838
495717
763458
100562
816042
652737
600150
329828
172329
797851
106919
949905
160023
258172
919031
639497
932361
315825
272257
400159
548922
499240
757359
963306
947104
899015
120686
255155
707701
817828
672334
812903
323749
105697
783007
509249
446529
532943
214517
749769
425850
133070
885472
309105
250632
473981
331788
145539
613796
105264
105878
792901
799467
601405
106105
947980
316244
298415
688171
372493
896053
410944
146035
834042
150750
710275
409881
748773
833624
112573
955962
961269
243435
856831
285735
733087
183570
191586
879825
952947
247154
699822
253090
535059
828234
214982
905037
370674
208886
515711
164752
844113
449613
697915
327432
820162
259272
507506
214714
864230
687986
971150
974003
554873
511018
169185
344022
791529
768537
684364
752914
315354
738721
193628
121695
298229
945670
366413
362671
941855
296137
949955
730833
225776
131555
890720
150408
318359
389750
371228
237775
449767
427078
785894
507372
730692
445191
472259
458027
927510
363763
734834
891035
304758
762407
211374
866531
818836
280006
876666
157754
860681
310916
940327
880596
854144
904257
141078
539140
430736
771349
105035
968656
884786
287323
816714
199559
133920
808840
756268
333571
603162
710969
138311
300992
732387
321488
832147
165923
864331
305511
466444
859568
626699
927433
192617
926206
427763
233388
978822
549662
706930
939429
382073
128107
421453
820312
520142
302748
262025
529265
884033
835570
834478
348521
960280
541151
534323
681251
627876
110534
768114
730378
588477
580600
148396
314520
735541
687594
270337
946886
351811
847433
287197
545101
738919
749222
219230
643484
733666
516543
175991
433546
966779
837828
349538
481724
851276
187506
783545
384308
318548
527686
480438
320717
946701
199493
714660
408722
821579
836399
375082
882572
980414
775063
646129
501119
446880
896167
366513
314771
855881
566514
726360
671864
795634
739684
556828
725731
858340
957752
286858
283075
662431
653261
461270
497118
701953
443072
631921
172011
864759
841700
813066
382281
200940
923594
209653
185840
936277
141065
280313
478186
146224
247478
126075
741716
653032
495112
707362
430402
473533
675365
809430
627849
165868
165568
692902
663642
803501
420411
990418
863573
741225
122520
226423
139675
811113
299870
820149
357554
320023
116095
264031
975526
195939
813403
498590
189837
250732
583120
126404
151527
842266
399240
694480
877253
592343
883284
240163
252396
676771
583131
686986
336174
220702
188104
478040
691901
682765
120692
529474
550706
900160
720859
684360
224737
581196
878750
104388
785371
687797
177582
212402
206504
236919
961679
968445
227109
441087
774742
525997
429681
521278
614523
433764
801999
802909
793960
683833
385672
384084
874488
909980
535860
346323
973476
941372
473060
332902
107735
390340
495966
124033
163658
553555
193337
258469
762801
272017
643871
287370
716364
288084
835743
881012
251361
599570
931261
900665
872816
704217
976000
758826
873098
774296
850870
418672
100049
499378
808606
462489
673278
907702
680721
644430
638976
673757
111664
652363
208129
566938
428695
651392
667300
372594
372090
976231
214465
788148
177111
771980
995531
101284
759374
569086
308990
666265
705869
561088
471561
980870
280829
935539
774310
170528
142942
792619
609774
833408
341990
784541
977352
546189
747796
948062
479363
451976
146971
581021
517053
133425
825520
294846
400318
504657
878412
843355
811480
947579
528754
621832
167851
570332
804766
186166
308231
802650
461166
688055
740848
689174
179000
802987
259264
517606
312597
894745
435186
596527
697893
984750
303546
382952
641264
293749
886278
820140
729786
805184
202190
411875
315478
206986
158242
155806
125539
788760
481931
312560
379801
167272
483266
221760
368976
340518
235375
975331
319132
938972
144721
276513
359426
773539
186006
432643
595044
658386
653311
412279
611380
298885
714458
403763
596363
467519
492762
941845
959468
579739
174659
762078
500916
823445
887589
715250
258306
363203
773555
293751
693264
169883
567989
403066
814355
775137
341454
235917
598813
571948
444265
611390
900230
111522
856465
647344
474071
296760
964192
335544
264572
433469
257579
566438
517822
377680
161958
817518
265118
681213
473867
272877
613514
507328
128716
376666
954295
126595
249845
867648
801322
110716
675998
780832
299832
914375
468136
519523
951828
247462
400199
228342
222969
553176
675855
800350
897976
101006
751149
723211
453984
698581
799686
701715
470116
374656
406213
270960
403479
558735
933353
782255
987301
878401
485405
125011
577172
304010
715049
673858
948454
215981
712856
257940
920536
428259
234381
740772
248558
618102
664638
625592
763083
656730
894340
282456
407294
198042
659793
412091
360976
773512
198957
969729
714586
783615
274694
852706
557673
606660
174018
792848
466296
669985
287849
159059
463555
622285
796873
755820
990105
654639
990107
906809
254463
635731
301321
884123
887179
492456
313966
579724
193119
281479
306281
722921
816349
978926
644755
843044
388371
488531
434010
711829
548725
757394
157966
582248
591091
799339
562939
273985
106217
105869
162878
328776
959223
903345
491490
486996
532982
586263
659489
191438
282074
385203
415944
858681
179909
911227
427176
877266
616732
627711
490323
910295
453543
113648
306066
462122
630975
772012
464359
626506
165249
155413
794366
835585
722672
565206
218986
628823
620344
251868
111952
675443
336211
513558
131334
127467
523908
449280
581995
187341
715008
818076
986802
424779
412452
529597
179013
839710
319055
235138
977224
961114
880478
384161
874876
589467
351370
954017
220914
892717
189474
345814
662860
412942
756745
123948
258558
765552
586703
404838
624873
574399
822797
287429
112161
502353
408038
842248
628339
916208
539297
100239
619236
971356
160862
279736
507998
512986
735090
412646
314101
418771
983425
694654
211261
838962
504952
680230
689370
951362
993127
126669
620745
132708
580710
773607
955348
953032
776826
940189
221977
249078
216059
615951
666511
787962
637623
124802
626886
205440
287745
490902
123997
374729
417068
820613
382227
310865
671819
923181
477431
395109
935470
798685
198071
560658
634567
437717
934814
307527
610253
336792
837877
872006
643169
691988
225702
567407
246167
155720
198172
286220
321668
579918
222544
699872
855069
944169
867850
109873
560265
236646
120859
504060
927198
969495
373355
429655
959986
804212
816199
294993
466128
164266
713715
919234
130870
776366
268901
168604
559231
982003
913190
112349
319486
531233
577936
540102
936542
661337
818191
218669
934646
508570
609225
254735
898331
632860
207160
698103
763800
252215
527901
254324
529083
523531
460100
940835
545651
307236
965429
703933
638243
647986
804680
121240
143192
892864
176821
397206
687212
814294
173949
910836
668900
721980
833962
939970
915901
172693
611336
276712
610038
374958
726497
430243
282742
380850
166182
502434
724912
864891
412463
561187
275871
265953
622441
653918
855294
758402
483552
617797
147903
749972
941895
413616
352825
330172
349713
929236
870853
455655
594541
231363
626561
361575
823986
180319
929251
792244
171427
378309
510631
151109
881464
528781
149436
839290
790113
287352
512154
987809
127152
170197
876241
234993
670328
417498
328239
637686
500330
568416
183882
596835
716714
763051
412209
815634
863239
905618
363905
388729
672714
769484
564119
980289
514191
949195
999530
591408
162856
546840
136472
423395
712958
359264
485141
304796
585089
340908
465705
273768
666958
722764
433888
858382
480850
519959
793808
975150
648944
366852
570065
414844
255256
649498
937971
215999
184973
622039
153301
122935
141078
762299
490597
726792
916065
695943
190347
762814
885946
760173
534294
147554
937396
265312
593064
388393
648984
498892
357276
790768
772062
391074
616525
818112
846325
854547
309321
600148
776542
868127
576412
393032
905830
764572
773800
972505
891797
603501
418592
409287
252640
787448
112662
550433
890263
224540
251623
931373
477545
264357
648779
181180
367797
394010
722079
992045
741284
168976
669819
131944
911059
428802
575448
459511
397972
438063
658859
526639
106330
576886
668630
628727
508996
393441
461598
660367
951441
183295
262521
732023
884314
619809
450666
995342
434756
802231
948859
549870
281758
810388
287261
978878
826066
764201
771190
999298
286173
155523
831462
919956
195488
663612
799005
442286
880316
980248
581824
947236
997214
353527
208542
679130
589707
659353
441512
168389
497643
602242
420543
910970
253576
866081
671617
576514
848715
419620
458002
853191
721873
406937
937339
873830
393377
587744
482652
911875
993959
292609
646077
578815
735878
949171
505151
681414
347312
494994
584991
817663
359931
978162
186822
426987
267087
238765
265944
819673
569791
519083
962472
874391
386177
498095
680645
955488
502803
603247
113543
354317
395674
524066
467114
247635
698766
542636
184165
146357
997315
368577
154367
171992
813550
521357
660455
813554
279121
299968
707342
572019
806074
580414
643318
392530
429620
961723
544698
978369
169686
142622
958617
691664
795437
352662
661254
803763
598234
143652
320741
998616
457568
111554
340902
532718
561612
570636
761982
359228
920315
777117
913424
563568
573752
129986
215369
401578
180759
843034
895858
127548
772582
575954
919757
314860
938393
706257
655485
634855
548665
757102
898047
738082
316600
192752
385797
418826
360161
464276
826609
678935
664626
127491
520760
534714
307358
483918
644818
396717
522241
628036
648326
846241
260489
903189
132094
110997
836802
292411
441879
903051
217874
616984
308054
838860
387351
485087
262891
456665
925933
332969
942406
814546
569679
203663
227724
840846
285129
944579
505324
798542
442875
685276
774689
669576
747936
158504
321621
928625
900621
878270
617082
643661
463865
302823
612216
869756
834058
261550
750892
156309
580020
673418
560359
889387
467161
409932
586668
239325
896365
991430
924306
149800
594524
276003
554014
772932
526348
971263
837057
988043
269864
853925
227667
775193
544655
994456
944054
872473
235860
280940
235120
122917
109604
165658
988457
608988
839397
240044
813120
115147
253073
348459
239095
774668
742288
729486
145210
981979
676987
455333
626262
964888
696857
391332
153192
655188
752341
246412
323295
173613
719760
520393
945966
167960
484576
397896
959542
745228
400419
902941
291297
923918
209103
119260
260391
594991
159184
559221
534174
645588
138801
868605
316344
251522
206037
522421
960328
138063
310216
587053
990809
485784
828937
398138
910342
150106
532754
529452
789599
260206
579741
963421
461475
408204
438773
568616
747514
538474
535967
110828
735853
643118
688441
336733
565136
827079
225027
266184
440600
415113
213809
421599
613661
867881
676835
413830
377280
856695
523769
787097
563570
539047
350057
531373
622453
290608
913362
868529
740015
411752
337997
944814
499351
887151
975321
956537
855531
682113
848505
778243
352658
642436
930669
991538
866315
476225
212521
969410
910368
397805
927667
804284
705875
359533
702794
608211
704115
702243
195409
765876
931962
776979
743663
433085
524815
609563
956526
253636
732585
744981
805826
488907
638583
381438
638537
997229
593551
480648
296083
368778
538526
411892
316870
180181
639692
989397
668137
892764
546493
760097
195353
177683
627786
694962
130573
512752
438742
372448
175901
668872
452212
899783
770156
708273
820592
782611
318209
405795
759234
680020
307559
219888
851092
599180
819808
648416
929185
237415
998934
133588
932232
528655
478582
546846
971552
286571
786175
961349
575389
499904
478553
700831
399771
198754
454304
558935
197926
310699
843340
236548
371377
362471
171680
186575
505446
496932
506127
250112
734305
133726
106114
128265
561165
113242
298671
491780
344254
773430
950025
331435
664671
493280
774248
835404
929476
815451
872752
497815
895785
889444
810088
145733
489735
852464
875078
514319
820923
695853
775686
384808
951642
661861
403365
424085
196536
974108
212156
439400
543184
452507
541230
964682
284300
537763
357576
271998
909275
145441
505986
331360
226612
603939
755484
855298
239860
293305
758625
108329
806838
388252
157210
988790
982718
170144
422425
458881
805773
525877
763331
831084
696701
953962
745391
315649
989642
843957
963836
656752
107487
933029
485449
624852
646662
537851
358687
250474
564604
314097
613078
133751
170541
407269
493868
312236
281728
940995
565236
396226
683376
302476
850212
429831
991560
667692
870418
710536
936083
148536
815637
539450
389230
883320
135076
674230
918143
500968
882663
342504
769988
614128
452655
658833
299169
232804
210865
889181
838304
248228
324980
293934
610715
414499
929233
230002
233912
133365
779070
774564
291319
668306
830902
938838
917530
749886
561782
789390
718814
627886
313657
454697
851404
401977
642782
861676
486384
991771
785248
671489
686111
817703
258315
808205
132377
204751
523489
484354
951989
323228
959323
763050
267728
916116
240153
308852
105847
652774
811367
240224
978892
518618
970289
111864
478004
493577
699844
434639
926337
249983
429294
248018
292129
654687
672938
277696
382293
314437
158393
695321
653259
362099
479066
765466
477536
973542
417392
716499
152844
143252
866127
183144
189821
136766
683278
668036
657754
795649
274925
248244
911731
312183
438527
299996
269316
343078
665891
976772
595426
769967
850214
366813
763373
787281
844679
672270
545271
633256
563545
276606
249571
541879
259222
963339
559609
971181
899491
574496
650631
996409
262640
342702
842967
498330
356068
610413
584768
650751
824527
340443
503577
278384
488256
420490
803656
372389
411815
679940
839650
308243
494802
900417
482386
518406
342712
897558
964512
406028
811486
217852
737458
349293
717715
230395
425582
274637
517603
468775
710811
404698
808530
704726
218553
502821
877809
905369
171801
530696
428523
991365
195663
434848
709944
608961
917423
235839
971209
294738
494929
873249
692035
345492
247895
102046
329174
493711
332550
424681
627302
406870
730572
265991
752961
975590
981341
160326
298543
607330
786968
963734
467220
302223
737659
182080
491472
198696
839886
729836
495938
523699
201393
465835
770424
920034
977142
417433
763976
696238
742043
766986
642544
413688
781069
609328
850379
325667
188414
850785
510814
590728
239351
481781
323839
456804
998799
540678
788853
253147
124561
379354
369925
560426
872761
887759
849824
602503
953670
488734
822925
512941
943105
430418
793845
824099
962128
133967
783586
175250
792465
936059
512185
937958
941963
905073
265552
314319
301491
695050
637785
492662
528576
835394
863609
491235
274421
840953
717704
923777
606314
386193
933889
747440
105463
258860
970864
411063
703809
776224
209760
849377
504072
558713
136050
738379
978250
662357
594516
842274
944344
553819
937543
599104
322120
258462
745079
520608
265668
452565
549745
658395
601743
783736
340370
327175
417694
237475
926961
863141
347079
523238
635370
285521
451906
345962
414335
831196
295131
561230
148584
560586
618192
227996
848454
397966
210206
431863
770879
816489
326415
437981
222970
592571
669485
716831
454750
996577
532492
216882
729244
464474
647242
115705
703441
598123
909348
517103
226771
721663
101404
997529
962223
293349
197912
181193
347576
110143
943580
333207
326219
489287
738161
752304
783648
885479
221434
885126
463217
814388
175254
427375
855839
856736
389836
234127
551371
290191
635598
890844
210227
596831
324433
800248
901826
518237
988916
779403
164447
815540
761010
362429
425423
526277
848696
961327
635107
205335
222330
474908
561848
600129
809970
468904
858752
823071
430524
410754
703446
652051
904056
530131
224499
402067
366683
134686
477340
168273
465707
696633
354298
666148
644366
883498
749856
791071
965896
695622
483628
822967
567177
277509
824097
200009
849250
572934
887513
820008
234072
314061
904304
419035
496520
566915
408452
882513
787481
864916
882831
818960
602996
216680
760845
545027
375970
941901
559836
954536
345036
436874
167839
948332
432370
997074
592505
521026
496698
212066
727017
697560
437762
620192
429008
137666
568938
573255
689385
657407
684373
702929
909529
449484
176949
657344
153491
293094
386565
256035
708011
252532
207026
819092
754133
467741
604254
280000
119849
962297
553603
831888
502535
446608
534152
767870
122021
612073
177515
289976
199793
741739
537464
192741
272988
415698
105141
640654
487022
468920
948772
743081
163271
627443
688483
874183
205669
822732
277884
660637
374821
809617
684233
904661
906499
131406
888875
552639
772425
109425
888466
550572
491671
632536
132214
968401
607802
187123
511672
113931
242827
757834
452663
370155
230465
509700
409599
128891
238504
900588
194256
178202
187101
554146
216960
209246
163725
859250
938009
463783
719517
418508
705941
490757
841866
246593
198802
348375
494576
856683
636561
419421
149234
326098
996867
923675
815917
961134
211737
195044
665251
868390
653118
692510
468698
440342
655213
288070
579345
326722
429928
882914
225635
538014
514957
304480
709099
280706
902912
496707
405575
875823
137277
770907
663217
859162
797797
254147
163244
806940
534293
807665
943572
902957
969079
156360
724688
667863
623102
339936
717511
149259
681566
499512
116797
718563
635139
458823
198020
423645
641626
194980
416423
213140
583151
511707
921709
765723
861854
131012
725411
447181
811532
809742
816078
271784
518182
221121
169389
243430
918592
182846
788782
389573
518838
140831
340785
588115
914025
423175
774209
669258
320718
684665
333227
278032
613622
824095
866060
451228
591967
141901
844855
810393
200003
818270
661591
106497
459545
590162
339887
409408
549613
622186
296565
534191
209199
371719
962097
851677
140166
100074
717733
793819
705697
888575
635256
223882
482437
594892
494004
869059
794810
552323
788248
721686
846239
552924
955004
659413
958455
727417
655576
186447
536632
802072
357365
539558
911989
450995
237307
335175
386400
524760
149315
736242
842691
795130
167295
249278
351523
385638
845797
881362
669948
459932
518114
656470
440236
622285
584411
429547
908576
272632
412879
520203
703708
819011
429452
490245
222258
675465
335227
318372
405126
398659
658539
217411
409962
798783
523453
711578
747860
559599
176487
664358
649268
431927
888723
572841
100789
560891
722675
772775
353414
377360
338191
131928
910131
640918
206760
441302
883670
484529
116039
512887
280972
701245
415493
456411
176768
438308
749908
322933
360860
671221
639479
930486
603540
920724
100272
757396
417947
677934
475615
826317
749915
941245
275768
325979
948982
451105
167308
606674
897493
761496
494252
308293
234479
811770
197291
430843
418114
665006
728947
883201
771329
389107
989627
888937
120947
742404
563690
813949
243704
148443
836659
406605
390982
865978
734043
861620
627980
657328
955941
204783
251879
389449
650169
190626
671950
885089
514091
874157
326073
227040
914831
993301
289517
803926
250879
773423
509984
986604
822171
956790
954374
665617
938781
812241
472977
802685
609554
230302
557521
209707
159234
729227
953135
430343
858588
138975
300480
378916
893684
867553
633952
768496
200116
412683
942038
420081
683152
848708
742045
326468
863139
300326
867691
257469
212313
244909
180544
120950
432809
300425
292257
556402
611533
306308
776944
904359
822758
171633
719130
252279
216752
471031
407165
669054
233856
825643
191424
452197
122804
682061
429584
665657
829192
902720
761237
865714
314273
790628
319021
408479
620570
997157
357689
996610
571111
131470
380746
706757
536177
172760
838611
709024
727706
640779
166729
770623
658110
830173
399497
197212
949232
482241
664402
733727
423825
427139
645930
710320
957789
318175
572388
653031
206633
443729
864070
374618
516745
631641
507568
387063
136387
460274
557203
570966
515470
908768
490277
642727
679334
221836
308198
694392
560203
668288
729154
929143
680237
207614
540655
122943
303332
661394
728655
706568
732265
333750
934325
974162
840873
788581
910077
312474
672021
646074
975925
818858
286889
993581
729346
390676
651327
463192
889081
890536
949955
215492
579456
808692
811911
547229
959163
558538
981932
264593
267819
680757
898746
739425
273311
949106
929668
170521
437461
836657
506274
632505
425315
359197
265378
728167
825019
350870
374004
397908
354294
222901
368534
344234
348382
127426
160678
302686
928877
509234
447109
340171
528254
406860
179007
375616
697212
290520
511463
955133
823342
427766
634935
381597
622271
593269
966173
306480
276786
897758
488365
479438
672378
232588
235355
830233
930051
992170
687169
327182
811343
836924
748533
620374
859072
489188
994686
273690
911118
711473
336814
266754
564442
289211
477461
696014
393875
509892
435820
214233
600038
500486
954054
817931
256601
229268
470057
687916
936927
810017
609532
883188
652006
206899
954092
851532
444458
676593
523587
443880
555188
946674
979364
807910
575525
616667
211470
953509
999026
379358
997626
816942
552000
826881
965158
557738
649265
285564
234627
891941
754032
843470
479520
874690
327743
607580
187542
803587
744926
540540
370134
859453
797149
915610
790665
386889
962102
545534
581827
541248
893754
858549
804787
505064
130952
432086
323678
859573
660908
576892
319468
781591
590819
205582
939124
434164
976917
238191
996221
472997
969467
193190
502632
720734
986704
581094
375670
757935
775957
553349
493153
380620
412728
263257
907567
803974
947655
284773
104177
706903
921323
843620
939468
737472
759720
604302
546132
228131
561915
866551
575845
441464
345915
936257
314477
276774
555688
175201
453147
187091
182738
966175
813614
593906
607257
989712
612371
127042
758704
222616
533370
323693
683939
887938
585155
568679
825379
816027
420799
389768
330678
425317
391583
757179
429648
728872
221471
815164
370905
179961
710117
348999
482392
355259
843842
891362
888260
351569
556104
343810
512655
565750
844258
617731
225649
234379
953686
448547
898660
140695
134405
216438
648058
921890
127881
499566
152328
236108
771713
412234
834445
904390
507503
981551
370919
493671
727554
960282
505383
150218
542903
560538
253512
634565
945606
559138
658721
622037
666615
283192
127927
216431
233917
603922
518892
827459
577798
665069
123799
183366
227999
781357
742236
606051
949059
668212
235856
657418
853692
936487
721143
983586
631094
917203
563724
953645
901049
133094
910253
218520
917110
508055
629962
133991
119109
639162
303431
884841
549450
651124
706574
839216
790628
437828
700419
386220
586414
142451
324951
724835
640125
849238
527457
398508
920656
393429
403015
591665
246160
148405
459816
803607
431133
793225
792073
407838
829999
529543
874534
678207
473391
249584
473951
673200
185278
656264
807604
721431
515212
262436
123605
356647
890116
464399
126277
977736
726720
744856
246678
643653
699209
303642
147413
923128
782687
659129
603397
396345
294593
847682
303229
687729
527257
545374
229017
811804
691665
351898
821306
622495
291520
878309
726156
702777
989653
854241
719448
321669
820704
258646
370417
523214
442807
269547
514071
847764
292244
282170
274357
199948
226865
345319
878917
643317
654803
109132
822474
349741
373651
684811
137191
635968
249693
527496
709320
616502
908378
136456
842661
471204
814306
836506
620661
867265
106738
671161
551746
932822
769751
254787
529514
667053
430130
439313
385121
546314
256679
345718
772889
333466
999510
901504
190045
708920
605712
183996
678855
998772
662356
703835
274157
844866
351931
699632
330014
109931
790493
383027
158425
115798
273993
778299
972453
803079
621564
741395
130815
432874
492436
736114
482861
418095
269189
108240
797401
598244
877409
245797
554222
812035
921223
825095
153677
708244
370402
851469
526664
785678
414024
587619
277167
629922
439367
358927
552328
809853
874977
193140
742525
259114
707827
816299
958970
665840
481597
323060
840992
979602
678870
668322
581437
486192
480294
553829
605099
998753
970089
864139
521885
129420
523755
733538
849447
542640
682038
253301
269418
871492
778631
624719
654747
106565
783652
380649
581305
575045
242164
311649
178569
390853
155235
772145
608970
123006
580294
695703
344604
122102
451287
901877
248678
955545
281689
162919
928338
984293
160500
217157
545903
104897
968050
456219
743069
676863
811973
173713
532097
459619
440363
885438
221490
657566
544101
759382
474826
361451
806285
549724
856235
137780
721348
563582
670276
861761
469687
886083
676183
639234
102587
116305
463825
287398
288750
336642
805974
297006
421043
787567
224713
591136
675255
145265
988588
522962
537339
734164
179790
372214
382601
706165
109584
804733
985770
253516
540460
586978
888076
819297
820493
108495
878657
276658
698971
701826
493752
716966
215982
339075
723582
681874
429609
987471
947393
669947
172360
192511
439246
831068
111600
372623
491030
410755
737311
749027
313902
168799
288279
554249
445480
564474
485627
124033
577010
177284
365568
634395
616290
226469
748607
966710
434236
153703
710512
426926
855607
904508
934764
730968
374240
830718
285105
775200
608151
832055
790360
564922
895280
550410
963116
394463
765917
772939
417935
610108
248759
569870
568174
370569
724898
538444
650250
568575
851666
628320
925670
984647
489604
975430
581476
449086
372981
563558
295626
888945
389977
217411
512549
559554
383693
791450
514436
291164
837873
988973
326421
289787
782082
118882
598741
634335
736559
123642
977349
284553
990765
998980
489823
524845
101283
283664
917146
392267
449457
487061
582572
719742
693352
334613
417913
727717
800144
124776
701784
460323
628390
499641
615538
850167
974537
609125
756375
171630
352496
242247
996474
357333
393723
868218
827414
748663
267565
696089
548401
994457
376777
773746
810581
368921
110480
552464
742526
560550
142097
545734
211292
927434
798148
573165
645430
318849
657474
330025
445294
635059
425864
466942
732696
856085
333669
584900
966060
195290
731545
322989
293002
701084
593820
290098
852700
434344
407537
297641
564971
488127
702236
570957
878823
350323
954992
499501
469557
570898
979315
643491
845985
939428
120365
481668
787013
271951
345839
958034
933846
494812
958495
910578
235710
883381
811818
222064
756288
551829
962301
819689
609291
769039
240139
871291
613798
909260
275535
603576
202923
547962
991006
896436
158816
195327
854723
547034
632940
729795
100114
205744
971159
378574
765779
844168
353989
539995
107724
663789
441594
352789
838427
325011
166088
425916
756360
569158
669582
962601
199872
176518
593118
582055
265809
821100
948816
770807
106790
500832
571988
375163
761532
453904
213883
923701
582447
511126
368543
165717
662263
253538
233341
364778
118810
693511
857826
834761
134446
470424
411760
787678
537631
952110
873755
566223
431928
168132
527905
681725
743358
782870
760470
108296
781289
480341
636723
728094
858787
371437
432978
301661
867977
783040
450413
581589
343144
522130
720452
827535
980724
185505
941138
831415
470443
813836
413615
869622
175691
586886
319968
853583
886136
189542
204453
697396
549123
833282
407810
908288
874297
991786
809086
627226
647790
384397
867319
296106
360595
675107
841470
711536
224541
606547
686606
509269
645411
230237
389915
123340
841051
486320
897108
469368
985547
856564
847321
488380
119735
721178
795779
125139
329438
797282
770234
618989
610555
452687
544307
624447
639595
844514
649417
340557
874195
929139
163365
347756
582066
948953
246962
459095
577932
266720
711405
441637
851464
367087
176309
254453
569759
481055
539704
311963
758980
310335
546078
528246
446043
950377
630488
688191
977598
560546
950674
865944
102949
764707
854273
468919
852755
354457
344318
426477
895607
460889
626565
116209
913095
965932
967944
525340
484251
594062
379549
787775
697952
371261
293497
839187
626655
483573
188661
282157
277661
393702
961761
216601
416991
198867
731754
649999
631984
963102
768397
496262
114204
927037
766064
357728
773442
273730
455852
619751
954949
911925
585737
966021
326590
762446
259508
788069
179173
477466
169622
462934
306770
314061
686409
671162
656505
931279
760478
359507
204481
205334
341895
646611
415888
518867
737104
613051
517877
311180
866363
419755
752611
678025
499216
676588
850792
897797
433286
746530
869814
816542
849969
130457
666186
186809
929011
331537
892666
280874
901018
768130
614584
309512
178596
584849
333813
622694
437449
579927
681362
584768
158193
824989
272571
791452
139515
485687
740193
485872
465059
297509
218718
629572
809190
213572
421211
793229
529844
224422
980729
333157
575841
838147
864559
264310
378503
710242
595431
347392
377900
649820
844931
725435
981472
820769
205241
522388
345056
242901
549050
381424
337281
780841
935083
705701
491993
675102
195401
986576
240966
582723
474379
538070
145947
801183
474874
388157
904549
411945
704761
739860
492314
825961
723352
194994
746443
120226
526560
131168
699049
567777
417588
189656
772965
879480
642404
189082
129679
589509
886829
165830
724795
750663
887097
532241
331553
629836
114178
919604
941050
213959
797003
895895
524648
285161
229091
365755
588738
149680
870473
379606
271492
985564
722048
514338
780014
959429
253047
866910
203321
540438
706914
249254
163901
996341
447488
463771
588785
935785
671596
884135
558843
141118
525703
799579
279993
890606
813607
661208
478361
749832
371423
557870
632205
576075
763141
170899
733367
325001
558455
814969
461036
381839
386168
690755
207468
454285
898099
120610
637410
122345
578589
154716
572562
233082
505979
184665
683560
460131
123119
194830
668456
231985
556515
968635
216678
310193
256526
641466
222391
520412
815916
806420
616877
788165
832308
589535
156613
246969
926882
174527
633176
510198
412637
965778
124299
633115
546933
920887
319285
749052
509392
901501
798283
439637
472327
209607
218668
715086
486825
828460
275293
190032
265949
800883
204597
628453
646253
147076
317877
760979
951126
551694
276534
257157
617932
873849
788899
547061
850351
220453
539139
431380
184047
820194
827087
984831
669807
489309
790027
804693
683615
566582
956123
118413
127100
239452
274410
450901
680118
328315
599611
816368
686726
793003
565190
667193
236740
339410
988323
273203
565387
806397
998422
699657
191030
530612
196045
700479
911716
653124
531657
755580
740853
553495
534122
886534
217009
635406
242366
624369
215131
986729
235969
143099
595681
493199
481415
948943
332278
472328
503604
806595
487572
722632
448941
953244
719493
923047
416261
129257
115980
741961
781685
754398
407826
896091
465653
749509
775020
470476
145956
209962
339750
320724
161534
430721
982913
439638
178591
509445
858954
673628
760020
823128
710687
796662
413372
937428
450286
686665
346548
185906
516607
711325
343685
113382
581471
248724
664148
867991
952999
199135
680691
638118
248627
449394
371026
232703
421940
289627
110474
936320
350542
615035
868970
853284
778410
504701
111605
136343
665575
679640
340399
271494
513001
551793
338707
149314
896645
596885
172660
883050
154948
762744
689628
695869
431633
407790
651821
895961
931842
722792
907431
655461
970330
421710
709601
387763
419439
500129
629630
842394
574732
764532
125802
505353
567466
497438
393644
485554
869745
775843
666769
319330
304221
371916
282781
145915
759462
452365
995063
465528
507261
241338
813907
222512
599110
410204
310951
391708
817005
164971
370219
821475
979344
220508
355185
834250
730221
931247
139287
557017
434498
984743
239575
400034
393922
862878
535473
636805
753057
149709
253604
538565
890671
152872
560175
275612
434165
832601
872635
958358
368467
915914
267280
718653
710398
324193
513151
586241
334084
816909
447049
702006
350097
378374
348060
807946
406707
272462
241296
575066
190663
431398
589721
742450
439198
493037
266471
315700
756375
252802
740392
452193
185544
619894
925614
542532
869140
926248
955495
456185
913507
714582
207747
446431
671156
777101
948424
512775
237688
662441
364246
584222
723865
663905
116755
842562
829501
946458
113041
301397
856931
459870
249159
622150
173659
550649
930682
540589
584951
278154
262947
592469
114349
638677
617623
512617
254448
471334
149032
730440
477616
782053
560895
303496
602863
534087
854319
494571
119541
107293
953064
413886
121896
556973
445904
362365
203944
623188
763478
226873
121778
957903
420038
815353
891190
880391
213321
120105
161289
775239
748165
826861
415223
799186
628043
123584
438671
184454
875247
511134
563288
692946
982684
570954
821102
465907
121297
617032
337049
753650
908090
966870
341606
705120
887397
123099
485466
227362
409895
965992
209966
750160
544414
145576
407778
671263
458616
421083
681169
105198
596636
747580
213424
855840
568287
231907
934150
693186
806085
563990
280087
718743
399728
291752
797223
465501
620609
317666
451456
713885
137429
610763
987730
659360
225415
446223
603237
695466
212050
789115
352628
724278
867116
149535
506854
355049
792136
238554
125160
196985
962176
767972
383283
152087
686355
351046
120865
793048
112709
634788
490467
264605
636055
868112
758415
456963
730280
844341
648564
195741
674048
990059
794591
333455
649611
351200
111143
158426
975407
507617
189864
879649
119653
713935
212240
588116
531012
412167
607198
656062
989729
528380
539699
343846
894539
388137
860111
160176
595859
214471
903560
293388
657696
880912
200193
511376
992196
743967
682225
233394
760300
373638
920219
658177
840788
392238
541692
737417
825308
770831
279673
480089
739133
191914
556964
523395
414974
201490
473133
909144
787388
239905
362315
590467
314193
274131
146222
155277
684364
522075
607419
392505
662646
517572
845214
159167
726427
446770
302827
988221
461341
779811
740346
228393
167323
507885
116380
328185
432718
702197
818652
287238
859275
820413
268586
116919
512154
964700
356727
968150
589484
463515
995489
269928
443215
807398
657411
791854
316730
296597
182728
771100
524466
404586
212278
962596
635699
603128
544500
370544
714378
694723
352875
108302
918434
157867
693901
431177
941819
392998
237727
834466
204267
609946
413842
967750
767038
642374
197009
779317
338013
645717
994284
696114
388702
702899
970629
600607
222593
537172
550092
615675
210922
819177
843420
971105
905344
663767
152885
192245
763084
244528
485395
566173
675647
560536
202793
984166
128619
911290
208128
311313
964858
344221
508052
518155
692568
167483
367080
965621
354703
683056
747491
619825
416280
795105
660761
418304
167742
165254
722644
416316
534798
805603
819097
394193
213411
236745
257162
545639
977254
410960
436938
515989
198336
310481
384860
766536
689151
903789
794546
911802
844904
527840
657227
625229
970298
984638
341240
548073
983385
506640
266767
529585
314789
500623
914310
519965
804020
703446
543816
541106
917703
476471
505128
759369
972535
712222
766155
584025
818088
198513
783650
160708
851303
846779
704195
380587
154487
847628
621533
983852
616467
807170
103097
894372
124985
277671
205160
487351
413649
157435
669713
193303
926213
610838
116493
254757
664366
265341
865917
197179
941285
979646
478357
309898
257270
250894
919760
635879
946950
971274
541603
943866
413942
198077
987774
563484
883120
846270
611448
468829
559731
819979
249365
371285
280853
942588
718158
241761
370573
551758
386164
