851363
287141
193789
156719
695263
239333
480517
115237
698077
292283
467713
418391
492113
375367
277577
730397
755771
906847
136537
402767
447611
429917
713149
895009
803623
955313
627841
662689
525887
324329
516539
598151
777313
880483
363313
701291
680003
514519
712951
283027
220163
112097
106823
576647
324179
106417
503131
663583
335221
390437
192013
286487
852263
908489
271273
615677
388693
873773
656479
798197
624803
452531
291791
939871
937379
194057
476683
379663
128663
331777
947203
248569
717259
217829
292541
195511
362741
134087
311827
720661
550489
104417
248447
380957
523261
812731
888247
238369
940879
321397
398323
901909
392647
509317
154067
791801
914047
639637
996157
905087
881477
876203
266353
508817
377737
648391
416621
138239
185641
428833
614683
173669
813623
341641
174583
732709
232051
394943
751291
883163
631187
838711
487363
692983
786551
105541
742507
728521
220469
603731
549977
367277
123491
332009
358349
632459
770057
828007
685301
861929
451331
271067
388259
684419
547999
294509
259099
657469
823451
867161
206641
162439
844601
133271
263597
192631
118633
470413
817567
360053
439303
588191
154943
811561
188431
132173
162881
282383
995791
870679
365797
605551
581863
353677
619589
197971
243583
972611
496127
714223
841207
474163
462191
290039
928607
105263
385433
159763
355457
781433
816929
495149
981703
901499
135859
494051
164093
303917
144757
597053
217499
552847
249133
691837
430121
390889
683651
827767
503611
465833
374461
425419
106367
584561
123323
648317
639907
111409
341339
189713
381523
870629
928469
221621
586973
359911
934831
994369
407567
514361
679249
186671
551981
246251
800593
221891
354353
419599
875591
822667
980423
686969
832861
128437
759229
610417
532009
360803
907481
831881
614701
144311
663407
340877
768193
414013
943651
490111
431947
318833
642673
496711
894239