705137
879623
428801
602257
258677
324209
729713
859093
907469
151429
199621
901643
251561
182701
816961
882883
949609
477209
788129
441157
527983
925307
669379
494561
579967
798697
276589
240491
879371
908653
600053
207811
761611
562193
527069
868369
773249
830873
286751
444557
533257
414959
322771
217771
126923
533389
394861
924151
121883
689089
645497
360749
709279
559703
268517
998779
812969
839353
847367
937151
582643
990637
388051
919231
567439
344321
398393
624649
442139
754877
315643
163469
518747
690889
691903
494369
704867
261791
977513
110501
732911
518101
683273
371311
490493
337907
517129
808169
291217
796561
672229
753409
772091
686131
257863
428951
134227
247547
141961
200723
649471
834787
268297
586403
680929
130787
989561
148171
343547
676051
954139
834991
636817
641549
722363
853291
857267
880483
809101
516973
598537
157951
897241
482401
446129
143593
934547
790241
691591
596461
539129
667501
541661
213319
766439
995567
494693
167801
583397
658919
712843
471721
921749
463781
360977
210169
873659
920741
750311
208501
443759
514433
544259
257497
524831
324293
366277
691289
486433
119107
614417
650317
838063
973591
739493
464537
821089
391691
198439
370679
185873
489479
904357
684977
617339
740153
866329
321017
123911
333479
948443
945733
307121
288227
349399
146527
444469
894449
193751
553481
857053
838399
119549
950269
787477
357359
159017
991229
673609
714517
249427
719753
344843
206237
796813
707671
530203
967781
274861
766333
485593
494141
154211
686969
199313
848131
639547
471817
172219
702613
346501
229499
337097
781163
955183
471451
106129
595181
618349
663263
408341
999853
410513
810343
934793
598159
495017
155171
993827
670193
720653
174121
413267
785921
331153
202627
197963
791053
754573
475429
845183
248291
358153
429931
597169
824437
187441
599371
279689
220421
924101
133283
861491