594271
316777
414209
300967
673121
681557
349963
999553
115613
860911
714529
635483
602687
764111
895777
326659
304651
141731
895903
633559
799853
547889
158293
317437
483127
192343
913441
201437
321679
946801
950071
526157
215659
917209
415697
689077
615767
504929
827347
950041
285827
825259
389567
953333
901171
266933
241291
122443
603149
527749
474499
610633
145577
111641
791543
285497
794179
227537
697993
705113
903691
577331
505763
933061
977147
843649
243161
106657
735809
841457
508799
739579
149057
331693
102191
855527
826807
106411
235877
398119
869663
664549
618991
645683
732041
439081
262079
174157
362863
100193
142421
814687
414539
601849
752681
457673
760237
431869
662449
900763
672901
129287
902413
859681
562537
281867
581809
646253
975323
809993
367313
327071
178807
136273
625831
837659
539501
681367
924059
633463
988541
214787
457279
452027
125063
249437
669089
437201
616717
239527
135469
912451
295837
857581
378683
854353
394579
837283
611459
964589
348811
554759
960131
993107
470837
147031
695207
541361
553433
410231
289727
919949
831599
433549
354961
170887
237067
622399
115237
874583
571699
978611
400703
895553
644443
807491
159073
595379
833197
894419
161731
184903
909631
392549
499067
468067
423413
431567
245983
643421
413009
949997
634541
383297
334561
467833
517877
411667
526249
109073
938747
984541
366001
873209
889957
487021
822233
887569
789883
617689
206177
301897
806107
137869
673093
133187
641803
727273
489409
489901
727577
263869
627377
372107
143461
654827
791191
232801
513169
199831
223241
172351
719333
835001
890563
363887
128591
923579
758341
465331
348911
145459
400157
530857
514001
905759
812213
981443
590839
564643
965423
963701
383729
270157
404539
777199
573479
675463
648677
962177
619313
781427
878573
562361
304049
679033
116269
964499
524053
775037