901063
269749
356561
111271
917327
253439
600449
613421
324151
704527
406817
885943
987509
150721
551107
197383
108947
587887
765257
466853
453851
213307
150883
587033
262433
488233
416881
905917
245963
904217
933047
510241
632743
471241
742507
121123
801611
498391
260081
201911
296627
523763
720971
887233
404017
476137
678641
531203
578503
977507
512443
990893
252079
378407
584557
231269
256561
697643
141233
195241
328789
115571
961069
258737
291791
176357
108727
662021
379699
796877
590657
441179
721229
976211
390109
532619
346711
280837
130969
891103
776693
344257
106937
298247
254021
885769
815431
669107
595081
769999
291359
263111
200983
162703
600827
534913
887693
451013
812137
856549
241303
192013
470453
168527
554347
292573
971401
205661
471553
806609
761777
340919
959389
755333
212897
959279
325513
577937
727471
394187
778529
529807
734717
413951
147793
131437
747107
854683
384143
206597
371929
473617
521897
377633
324449
530983
817603
377219
387071
319981
391067
617467
439339
732533
849311
270241
692459
541087
967583
629143
894167
145549
408701
418373
531481
924713
174079
784451
346933
287857
172153
354091
396031
930911
164729
895421
375127
103997
169313
479881
258803
751763
716629
631487
170749
426383
371719
547501
158537
948839
826927
385199
266111
146543
667321
502807
341227
301927
435649
314117
198593
931747
761183
432413
596503
897593
328177
848921
120647
912973
654697
758969
720179
708641
817319
239843
582821
907723
159431
532621
878749
751717
448027
317959
723479
619967
375631
699373
364879
882313
433073
941509
168109
405241
713771
628811
540433
655693
574127
296237
469849
153449
335273
366217
439459
904681
814883
955051
881591
729143
707467
818291
149027
590071
796363
770417
679969
874619
185923
732331
869807
479299
406859
231961