498469
277547
256799
123269
393871
301459
589753
687541
600011
973081
554303
479299
734267
545291
348461
310223
985867
665111
214043
240913
637229
681367
193951
906431
196927
470411
395309
180797
436957
251117
423751
995273
672629
216233
558629
473839
102101
361789
164429
174631
282127
861491
458501
119551
616961
755351
373003
735071
716383
218171
815351
550679
731957
361763
434303
543877
792049
106391
294241
455647
743159
550703
305267
956723
344483
550691
772061
659467
157951
543857
363059
744607
631271
639259
466079
123419
476587
498401
642197
639949
731603
264487
423019
356647
427213
398813
261379
569683
280121
508661
247579
435401
981301
476647
908813
352481
176509
202679
247223
346441
207517
255097
846869
278903
715357
864817
486119
133417
304477
764209
354553
953507
174367
964753
616537
463231
446983
662003
123791
730339
379837
584057
967391
208111
940369
137867
846983
985493
418553
121889
988313
813871
326941
170279
702199
848633
716693
246173
721283
700537
604699
329639
874397
761711
746413
152501
226753
927323
724729
249217
665369
150559
161561
555853
437387
872231
925891
215983
789823
847871
749093
180211
194069
620413
551129
984667
229469
284747
430907
569447
257707
495161
158201
948403
306809
601607
532453
444569
485447
455263
481207
442069
684841
794921
634301
647099
128551
521023
386839
736429
307817
797311
546353
387781
969139
371131
549391
651647
468899
510931
252667
384107
443189
886619
751643
572777
258617
432559
230693
392473
956999
920167
558661
704863
790291
502261
220327
653083
376153
719011
811277
520649
958543
195967
774901
375559
933817
742981
805807
972337
243073
891763
349303
976471
568439
852959
503779
630167
333049
946469
226691
832681
799609
961633
109267
279977
426893
842977
344153
593387
802019
164173
235787
941441
376081
115223
795083
332687
107123
491201