212141
718391
841273
957877
891239
890287
319321
932003
473453
321709
846457
351851
890129
564457
292979
816161
758633
761251
994073
553607
258631
352349
275669
661267
345923
840187
186619
410353
489761
340619
391631
555857
417523
260179
744407
723721
396293
574051
684617
361463
374677
176983
215507
902401
159833
936151
348911
506507
937171
978269
469141
972079
794063
924719
818371
240349
388567
191531
396733
833269
409831
594119
585337
902963
517177
395621
106367
291439
165349
558539
734813
627961
526993
635263
487219
606643
782489
600689
611497
745001
320101
140197
232333
456553
279857
959143
349303
361003
351959
938827
160903
532501
131011
887669
379501
487727
236993
393671
984947
617887
234259
267523
481009
645529
997307
579533
676279
252727
618703
424163
884087
822791
620329
163309
145349
386993
387433
560897
303859
784939
403001
156799
790927
304883
815491
936097
302851
642973
952789
331613
192317
852617
449951
599321
133993
644053
524081
914047
717917
749557
516517
338413
364349
370373
451837
545189
948263
897707
901717
746509
624259
897751
134681
632371
770801
506893
213133
459913
830719
820909
152429
208393
247943
333139
825971
254887
700633
535159
852199
911341
267433
478213
700303
316223
424129
687083
337891
605609
946489
205213
417017
838597
845041
379571
430979
210709
179243
880709
260609
538093
751823
659951
984497
282559
576313
633197
534649
141539
715171
570667
229171
213949
392143
754181
707383
202639
683737
179951
164299
822361
482441
433229
924743
118387
315893
859031
802733
746677
423431
565343
208513
347509
241291
647219
196597
150197
540179
832217
771509
178067
829639
950483
544721
431731
101287
835993
697583
960737
568241
475841
580837
499739
740801
440399
844603
777137
681427
869293
691297
944711
236219
362093
510077