119033
372973
470791
889043
728627
690887
429197
191671
623669
240641
193789
304457
596671
978647
297151
348769
526051
624047
225859
776483
193327
485941
805241
185813
201151
370873
587579
431567
305743
357559
974179
617161
351121
587017
188527
422431
404267
362233
138641
502063
603917
189391
788089
385997
433931
516871
588571
464897
487657
203311
796139
366697
194717
397037
159113
694087
980071
685381
638669
248587
276337
642407
993103
720703
879401
123479
645067
834593
510611
530693
686293
177511
871229
386851
701549
627091
904781
511351
727933
769019
278549
202441
477551
251179
211997
697999
306329
930931
314807
867131
298157
677459
849767
290663
367427
985597
469891
567451
368783
441011
696107
691697
438671
891133
519353
844469
256489
196387
603563
658507
410339
401651
792247
823727
896327
182773
588509
956399
633653
132409
394319
172157
478459
218611
396203
166601
820541
536999
532867
133949
447173
387463
652319
418721
270563
312469
664009
506263
695171
211151
338791
906317
852827
733871
806917
357283
444557
813931
137177
118093
656429
739369
280223
653311
925663
800773
989123
601487
171401
106781
662251
429211
754283
183611
114757
682417
906679
959677
198971
240421
321449
959477
339103
700471
790961
198977
346939
691363
496747
410747
786319
480133
844757
536699
172433
475927
234029
650519
380117
372049
274061
589933
790459
975259
785101
959719
979987
146977
166237
220357
923407
574489
724777
387623
949631
364313
700127
161527
897817
683143
206923
481787
783553
405683
334057
803461
577939
732299
324809
389023
159491
439781
190639
487397
701209
289369
983141
504403
902719
700277
223051
505537
185947
792871
680189
310987
680237
595139
911111
882061
996689
713533
471871
194431
624329
547357
458987
196247
120721
663821
227473
954971
158927