631867
471217
475763
270973
465631
721139
558241
879061
145021
104549
725909
891391
712489
292249
223367
335057
642407
704993
866909
294781
470791
238949
636421
184043
735901
545033
515149
580331
548117
861877
348253
393749
811273
248789
206803
441841
552031
773393
460387
306991
769231
171641
257311
509227
732323
918889
221999
183637
429469
649771
649777
363329
406699
365441
496303
399433
302287
949211
885083
964081
323801
758279
499519
502937
574099
226169
584621
736889
585917
797417
969877
585077
990961
919631
308597
213203
179801
100459
770881
474343
901447
462673
316853
573451
796931
262681
593059
564419
185873
291337
416443
873419
669413
540877
513203
338347
536891
531337
799723
196177
898493
828409
640043
595453
518047
653117
704507
444347
577327
300499
744389
151237
138599
643087
125329
833389
127781
502769
734663
763237
975497
162821
315257
372803
811171
826169
592157
768479
882433
890861
486491
781721
833659
857569
335843
406811
604661
630689
468973
614147
717047
702067
913247
789367
730757
842887
969667
605071
608357
947483
618581
229267
809747
860309
313889
835673
319981
122651
706987
341303
394747
898109
325309
916571
554077
851749
565387
724879
392569
659327
785143
462271
923407
664693
301649
172093
347849
542167
926203
712717
386297
658831
895669
955777
258337
762329
354007
912167
100673
773287
288647
900737
602227
517553
610913
145303
179269
127219
625007
803927
666167
147299
368171
956993
120563
696379
909071
905897
270371
311803
121909
740897
913433
406883
827837
334513
187433
232643
297613
761437
491719
756919
560213
939431
647531
653951
958543
179429
139333
619169
866081
699617
731761
655387
231463
607769
511297
274831
322559
956831
313727
308323
993703
171539
968101
746101
318701
963191
394169
633209
359441
213589
101797
377779