766597
256681
748337
526483
903317
527707
161249
997361
808187
412859
143809
972137
694151
223861
137989
897557
777629
643421
218579
179803
258763
808049
644059
603983
681391
485633
390611
771821
417037
340799
420547
119003
185779
552901
429277
129431
272177
388363
949079
147593
314969
938921
315731
501889
292393
271987
501173
263959
853183
736549
553829
912217
698237
338651
891869
789091
825263
392641
883817
459383
861569
839959
878609
800483
527641
861061
928283
834487
525289
560261
983893
212843
545191
739631
915433
751829
213337
815029
890539
281791
261629
410461
311471
619133
739087
324869
242051
334097
993397
221299
338129
830731
157933
571241
149329
227477
331283
217093
850751
102793
776651
971647
786011
121241
374179
797507
952013
375163
800887
603083
752119
126809
896053
176899
963289
972043
173417
505163
570119
489733
625133
964633
793861
262583
599317
390521
714293
132089
862031
177337
714641
464711
796961
993593
312311
861499
486779
731723
452269
403303
269611
691799
127579
727351
281683
926263
117161
978443
105727
110881
848557
693583
837479
732479
997649
377651
214583
205417
836761
690217
671101
408059
495599
971003
703693
397631
362731
942169
571553
498271
583777
801089
587891
981947
718561
842561
899819
837919
935723
839197
292903
910279
379567
374081
440407
404417
858953
241847
388891
613909
723847
276851
289243
223607
289321
694607
604229
829139
289469
371281
458291
130013
530531
158513
426539
629731
616309
986543
624559
201347
604649
718237
969547
239857
880847
725909
426677
568937
610711
824473
371641
826333
695341
357599
541481
360893
583973
646999
747941
430369
321017
386359
261697
439049
194269
814987
447799
810847
903341
666697
332443
902401
872881
691009
452891
312443
583687
315421
530051
710837
661121
271669
353483
258757
751819
638189
627233
638623
391807
619727
707557
699751
675161
717571
907349
652549
543157
560047
311203
911461
501533
420841
749477
121921
420839
222253
375247
709117
871681
426761
667717
348493
427943
501539
230233
481879
138827
154267
250637
486853
330797
657199
261571
601151
602999
579031
923213
939971
717121
542627
684703
740879
615889
411403
892483
528859
219313
601723
201683
348479
268889
601169
468563
169163
940531
954031
914497
984293
954553
787757
333283
976901
385157
552743
959239
363553
483527
810289
328463
887027
748159
723733
158279
654937
374603
668099
277513
927487
921983
280361
775421
884329
542573
106909
189859
592483
349939
986617
985951
622997
565813
304993
362771
892609
482921
998713
259367
357727
510931
288557
282181
402617
232063
792689
174899
583111
833351
600347
564107
175957
888343
118717
955147
556273
891983
857249
164971
676159
817793
757591
784967
893141
602101
956789
358091
842267
957071
560321
152539
790513
500957
820489
746467
311407
428023
458573
821083
820327
263033
490673
252149
320189
115909
844507
112681
336281
246929
119761
279809
323807
488641
558671
113663
909001
229477
256961
318473
645467
672431
696533
594571
835613
196129
449947
102883
776497
664627
452477
497381
782711
253387
501083
396661
252283
566161
211711
958393
452939
689531
679531
395627
229147
725573
628363
321919
528473
389323
917057
833107
423331
436997
411349
608623
204431
913651
485621
969401
