656539
113371
295291
137701
676537
365723
116777
183709
156403
346523
959333
834937
670421
119383
227767
291443
202201
497633
481981
813223
581579
142537
595183
735281
732671
565973
367463
129797
295529
289747
341161
896579
241037
637621
228311
667903
882061
665911
723547
638639
529309
694481
433457
823273
794183
551527
967369
776147
990413
218471
702547
329699
172861
161929
525673
770381
925427
733909
552647
346289
414623
507253
427703
134849
548389
543869
547801
247333
656207
980279
481051
437483
105619
263887
916303
588559
429161
429431
831601
167561
364141
188539
326983
460693
321691
635317
447281
149273
328297
660809
973943
109243
897679
361561
580331
228371
903071
630607
318391
950891
159157
488041
939667
936689
661819
586013
302207
511309
274609
141481
606209
235343
324791
613303
123707
190597
710621
665447
139049
951553
507889
770069
245891
652343
447899
172049
609997
843163
888101
338753
198691
954187
270241
657029
853963
641233
273337
123593
542363
247883
716327
157061
763207
547157
595873
315253
451277
194987
434479
338413
957241
881101
644299
595229
118861
134821
214679
688717
434453
793957
458951
806353
447217
812117
245741
422099
105431
310591
451781
740497
576889
813067
408077
464929
925993
828887
914537
712967
370649
695587
561109
626609
942107
164011
575117
983851
103091
955039
752179
167753
811337
760231
144539
523427
305521
271619
961771
261097
357107
249643
585799
564077
558667
512047
394931
734599
262291
569417
964183
928409
246167
104359
165733
468877
847799
537151
273221
291251
725359
554437
921853
100931
859451
259051
510829
181877
563149
951913
722567
376193
642193
124193
457127
210691
801529
938017
437393
583379
624779
525271
193363
759571
899429
980311
649909
989077
650879
144101
997273
134063
364103
956063
288719
831571
423061
908759
711953
703547
403327
919439
343339
682727
555659
110353
626819
723211
326969
520361
118427
941351
518669
312119
184151
980737
904373
396853
831857
984917
366713
283961
560621
394757
626659
413467
655657
175529
761723
997709
299009
807137
330731
244289
628391
606107
375037
807053
594287
385303
493643
996577
243379
363949
315449
829273
977587
835721
909827
360341
804383
162173
621563
925427
674731
733781
423151
156169
922531
379931
451081
367343
113171
119107
359651
387229
783677
154799
383521
228371
255257
952519
571723
732737
916879
177647
768959
343939
682573
840857
377399
817511
943679
361927
903709
949009
851797
961861
160411
787831
860659
631537
145499
433823
694747
310757
113093
438419
391801
671791
427307
417953
438871
817447
239807
630247
462083
366407
469877
217727
480163
836111
972961
475697
197717
244429
627757
524221
692401
535859
557993
503567
660313
846481
790871
957361
881743
825283
610171
726709
850427
714001
246413
566567
797813
900871
314051
727711
567613
265061
462757
984953
231913
947311
884563
214267
482113
134269
399773
221093
697271
851219
523253
705763
901819
303991
198227
312013
348689
377773
712819
823819
647441
696919
419149
434941
868481
655433
367403
331343
522349
169171
491899
980839
769171
140293
317921
313349
941923
822181
161659
839819
543803
965459
889397
987223
400513
625609
664277
185033
440233
297401
584279
355639
281311
536863
988217
915157
159629
495659
475943
811099
238781
