388163
551923
721741
655297
705419
876241
815683
310579
790583
866863
851597
505871
937777
271253
631307
357451
639001
798817
639691
808933
889183
345161
867283
921161
922991
753469
337261
340199
795353
425431
175139
711647
560827
848189
613187
270637
899753
596989
976537
164257
937687
308363
885419
323509
151873
534197
314711
827723
142411
877813
161659
887399
582173
755003
920977
263783
580211
587029
468767
419243
539689
718087
477041
453793
972959
104003
411311
937291
691309
451457
782179
423803
485867
975983
176881
411577
610751
830897
139679
955499
794201
148217
368357
934667
985799
904139
499739
183457
527353
791299
682751
555571
448319
336599
398333
468817
983861
884351
738229
943307
162881
764207
513953
203081
915449
694151
725491
892489
706483
411989
320827
859003
823679
926677
423377
120581
473443
851801
541901
194479
288397
313837
516953
519563
239797
488357
478769
795113
628423
392983
521887
453091
119197
117557
320371
181633
270283
280663
657361
876067
235261
859529
238043
503861
761647
548917
113599
577061
183677
610511
939569
350669
557149
116377
163999
199363
661091
218923
951977
479371
300221
494023
147521
264137
813623
402137
599591
310231
337903
964309
978821
596959
557993
718283
570847
541831
503053
972617
121241
920459
394867
275473
216367
917827
994093
325541
750343
443917
704227
819911
422309
929567
503527
242231
358087
832219
970351
105643
373313
764759
880829
122597
494219
410341
798283
309487
381839
752189
850657
711101
588421
356957
689537
851251
948349
763921
106199
523681
976331
821389
591823
651473
206147
823219
293263
648923
284533
547087
520747
565073
694033
785569
377219
850219
398857
760499
626659
714541
858509
855691
446869
525569
923519
229321
302417
753139
514657
685627
603959
410257
521309
741679
288259
746227
978997
922909
616601
243289
512117
782557
378989
104567
654481
822659
512129
229343
135763
828029
287417
842617
586741
104551
917027
239951
447487
881567
301517
280171
354023
799931
820567
467701
110209
967811
231223
802873
650747
923029
695437
109589
319723
862957
701759
966979
826001
459853
512203
989909
737423
680419
879313
651293
583241
450511
909731
597823
505139
972073
955393
617279
884099
862159
755539
397031
234547
499117
968033
553613
515677
901303
894409
650497
384157
752761
602129
732097
420407
420733
693607
668471
434843
854219
110981
305969
343873
456319
725239
409301
360719
859031
220267
536029
592331
483871
759587
257927
405703
807643
287221
370217
228107
764567
321617
829691
865243
642091
357671
771719
466057
458351
365969
188737
171233
833681
919399
907639
650141
575077
593329
259117
759109
746129
996761
573137
933901
863423
214819
915821
817433
245597
824941
702007
604673
913499
301459
672631
454019
847663
424937
906911
662029
659273
223961
858797
918947
963751
899519
215501
263201
646187
556387
703733
449053
199459
584663
500767
234971
686233
843443
984677
145097
149749
513337
582193
978701
149833
653581
506953
738401
613439
438911
961943
196541
582317
403217
727477
286879
985049
143063
434633
361793
792199
409601
218587
184627
748579
314317
638993
882257
666383
242383
927463
335309
929311
904103
585589
585419
184591
960811
322157
420113
424219
949033
385631
929473
865957
169121
