334963
795467
460531
277177
326951
613559
186211
119191
184133
155569
402197
754811
418763
540041
869747
882103
653113
700367
260921
458377
426089
488909
492077
710503
326737
600931
910003
869777
307289
836183
971833
137873
721111
747343
994039
656321
362953
897251
871919
805313
924997
597239
160649
366383
699427
541217
737501
700937
722237
580373
593119
501367
752603
803041
209549
702773
869587
613651
601543
242453
716783
455537
293791
726707
485959
838517
921601
457279
451783
835321
454297
342341
436889
199921
957721
882071
433373
526601
512543
176951
978349
286513
152239
223969
136177
449411
996403
830017
705293
129023
347129
336653
692281
868937
512249
136193
258373
325883
812351
896531
551587
356621
840491
539267
665789
614851
670447
299371
868993
322627
657523
369539
659521
720661
889891
714151
245029
521161
798059
351643
204299
748589
196303
830591
611111
762211
482507
366307
652447
664331
601187
251323
526501
880801
207869
791309
143357
958883
128857
109441
929393
961091
199729
464939
968137
574933
179819
955693
532187
660337
626861
556037
628097
241919
901399
820213
295853
396199
816469
551039
661883
111767
224869
486323
914861
999377
782911
174259
482917
674161
592393
350029
685057
738173
408841
353147
585749
608581
415447
482507
810893
262739
804857
189043
540613
616277
184879
629989
263429
592463
316991
791969
776117
739217
159319
944543
336653
138581
884003
992707
493333
122347
886619
181837
246317
385069
971753
989557
166081
467507
934561
649039
828133
405437
424661
286457
447101
425779
912871
194119
875429
892777
161059
304429
578203
555391
230137
178639
539729
265003
147139
799303
658279
292717
989837
889879
265729
156841
295363
739951
200903
923123
310969
933293
813361
152843
424121
122299
465917
173431
342653
252607
951893
377717
679867
150607
699967
518123
349381
963847