703459
940183
323581
941263
857011
271829
229799
547453
420803
832787
840187
605113
995369
883471
592129
513397
465929
635659
177677
230567
827303
578609
692957
602621
140269
689987
295357
393997
230647
330241
904103
146161
927313
849461
351811
724547
276439
706913
879097
332567
104971
872159
367307
407621
101663
429521
505279
655847
234461
375857
802463
117223
791053
467209
529181
221891
353929
444677
872419
196387
762913
130651
548851
293269
905461
904867
717919
933497
564643
219071
267893
991973
902659
885509
377471
624347
385657
266599
123007
976109
198761
961273
824671
437287
613049
335117
624803
661477
328283
581353
831367
126031
130517
676061
472103
133493
275053
201359
108821
510403
324301
891659
275453
234473
639053
786197
631583
160091
479957
169769
165083
539573
543551
588949
146011
672293
745529
324757
711947
202693
937709
339751
257287
265541
158551
601457
106993
531821
464327
242773
602297
756923
553057
416503
415687
483883
761417
323249
716987
384469
356821
282011
912911
996847
265117
652411
408959
243973
737119
246349
171863
179351
149161
586361
896417
280013
444547
141793
551587
939451
702007
702991
918143
102841
359017
600673
688871
408491
542603
573109
715877
173099
534649
103723
440989
246439
899891
804157
111217
218191
218849
779657
173059
346639
172127
398347
300739
424001
977881
461677
389461
124097
399871
674903
951029
648269
640949
559673
718303
483409
815519
168083
977803
915613
317717
623417
312677
983123
458501
993407
835469
484397
298201
498119
941471
492523
292709
998029
119173
708979
775349
169111
803237
628427
546937
164279
374819
246251
303643
460949
211229
770639
163223
744239
822571
435139
437141
631223
603793
150301
704567
780601
651043
424861
206749
494749
178859
792641
652229
238417
713663
557303
113131
974651
605909
214309
230143
346141
362459
409889
308701
363119
378929